eps = 1.0E-01
Итерация x1                    x2                    f1                    f2                    a                     b                     Длина отрезка        Отношение длин
1        8.975000000000000E+00 9.025000000000000E+00 3.570062500000000E+01 3.630062500000000E+01 -2.000000000000000E+00 9.025000000000000E+00 1.102500000000000E+01 0.000000000000000E+00 
2        3.487500000000000E+00 3.537500000000000E+00 2.376562500000003E-01 2.889062500000001E-01 -2.000000000000000E+00 3.537500000000000E+00 5.537500000000000E+00 1.990970654627540E+00 
3        7.437500000000000E-01 7.937500000000001E-01 5.090664062500000E+00 4.867539062499999E+00 7.437500000000000E-01 3.537500000000000E+00 2.793750000000000E+00 1.982102908277405E+00 
4        2.115625000000000E+00 2.165625000000000E+00 7.821191406249999E-01 6.961816406250001E-01 2.115625000000000E+00 3.537500000000000E+00 1.421875000000000E+00 1.964835164835165E+00 
5        2.801562500000000E+00 2.851562500000000E+00 3.937744140624993E-02 2.203369140625000E-02 2.801562500000000E+00 3.537500000000000E+00 7.359374999999999E-01 1.932059447983015E+00 
6        3.144531250000000E+00 3.194531250000000E+00 2.088928222656263E-02 3.784240722656260E-02 2.801562500000000E+00 3.194531250000000E+00 3.929687500000001E-01 1.872763419483101E+00 
7        2.973046875000000E+00 3.023046875000000E+00 7.264709472656202E-04 5.311584472656209E-04 2.973046875000000E+00 3.194531250000000E+00 2.214843750000002E-01 1.774250440917106E+00 
8        3.058789062500000E+00 3.108789062500000E+00 3.456153869628937E-03 1.183506011962893E-02 2.973046875000000E+00 3.108789062500000E+00 1.357421875000000E-01 1.631654676258994E+00 
точка: 3.040917968750000E+00

количетсво вычислений функции: 16 

eps = 1.0E-02
Итерация x1                    x2                    f1                    f2                    a                     b                     Длина отрезка        Отношение длин
1        8.997500000000000E+00 9.002500000000000E+00 3.597000625000000E+01 3.603000624999999E+01 -2.000000000000000E+00 9.002500000000000E+00 1.100250000000000E+01 0.000000000000000E+00 
2        3.498750000000000E+00 3.503750000000000E+00 2.487515624999998E-01 2.537640624999997E-01 -2.000000000000000E+00 3.503750000000000E+00 5.503750000000000E+00 1.999091528503293E+00 
3        7.493749999999999E-01 7.543749999999998E-01 5.065312890625002E+00 5.042831640625002E+00 7.493749999999999E-01 3.503750000000000E+00 2.754375000000000E+00 1.998184706149308E+00 
4        2.124062500000000E+00 2.129062500000000E+00 7.672665039062501E-01 7.585321289062502E-01 2.124062500000000E+00 3.503750000000000E+00 1.379687500000000E+00 1.996375990939977E+00 
5        2.811406250000000E+00 2.816406250000000E+00 3.556760253906262E-02 3.370666503906267E-02 2.811406250000000E+00 3.503750000000000E+00 6.923437500000000E-01 1.992778153915594E+00 
6        3.155078125000000E+00 3.160078125000000E+00 2.404922485351554E-02 2.562500610351550E-02 2.811406250000000E+00 3.160078125000000E+00 3.486718750000000E-01 1.985659870042572E+00 
7        2.983242187500000E+00 2.988242187500000E+00 2.808242797851664E-04 1.382461547851658E-04 2.983242187500000E+00 3.160078125000000E+00 1.768359374999999E-01 1.971725204329579E+00 
8        3.069160156250000E+00 3.074160156250000E+00 4.783127212524375E-03 5.499728775024356E-03 2.983242187500000E+00 3.074160156250000E+00 9.091796874999991E-02 1.945005370569281E+00 
9        3.026201171874999E+00 3.031201171874999E+00 6.865014076232640E-04 9.735131263732522E-04 2.983242187500000E+00 3.031201171874999E+00 4.795898437499968E-02 1.895744247607423E+00 
10       3.004721679687500E+00 3.009721679687499E+00 2.229425907134624E-05 9.451105594634008E-05 2.983242187500000E+00 3.009721679687499E+00 2.647949218749979E-02 1.811174626590451E+00 
11       2.993981933593750E+00 2.998981933593750E+00 3.621712327003907E-05 1.036459207535730E-06 2.993981933593750E+00 3.009721679687499E+00 1.573974609374984E-02 1.682332868000624E+00 
точка: 3.001851806640625E+00

количетсво вычислений функции: 22 

eps = 1.0E-03
Итерация x1                    x2                    f1                    f2                    a                     b                     Длина отрезка        Отношение длин
1        8.999750000000001E+00 9.000249999999999E+00 3.599700006250001E+01 3.600300006249999E+01 -2.000000000000000E+00 9.000249999999999E+00 1.100025000000000E+01 0.000000000000000E+00 
2        3.499875000000000E+00 3.500375000000000E+00 2.498750156249998E-01 2.503751406249995E-01 -2.000000000000000E+00 3.500375000000000E+00 5.500375000000000E+00 1.999909097107015E+00 
3        7.499374999999998E-01 7.504374999999998E-01 5.062781253906252E+00 5.060531441406250E+00 7.499374999999998E-01 3.500375000000000E+00 2.750437500000000E+00 1.999818210739201E+00 
4        2.124906250000000E+00 2.125406250000000E+00 7.657890712890625E-01 7.649142275390630E-01 2.124906250000000E+00 3.500375000000000E+00 1.375468750000000E+00 1.999636487561059E+00 
5        2.812390625000000E+00 2.812890625000000E+00 3.519727758789065E-02 3.500991821289075E-02 2.812390625000000E+00 3.500375000000000E+00 6.879843749999996E-01 1.999273239308669E+00 
6        3.156132812500000E+00 3.156632812499999E+00 2.437745513916005E-02 2.453383795165997E-02 2.812390625000000E+00 3.156632812499999E+00 3.442421874999995E-01 1.998547534212380E+00 
7        2.984261718750000E+00 2.984761718749999E+00 2.476934967041151E-04 2.322052154541231E-04 2.984261718750000E+00 3.156632812499999E+00 1.723710937499998E-01 1.997099281618963E+00 
8        3.070197265625000E+00 3.070697265624999E+00 4.927656101226753E-03 4.998103366851713E-03 2.984261718750000E+00 3.070697265624999E+00 8.643554687499977E-02 1.994215342899111E+00 
9        3.027229492187499E+00 3.027729492187499E+00 7.414452447890893E-04 7.689247369765733E-04 2.984261718750000E+00 3.027729492187499E+00 4.346777343749952E-02 1.988497225404973E+00 
10       3.005745605468749E+00 3.006245605468749E+00 3.301198220252382E-05 3.900758767126984E-05 2.984261718750000E+00 3.006245605468749E+00 2.198388671874962E-02 1.977256069120240E+00 
11       2.995003662109375E+00 2.995503662109374E+00 2.496339231729987E-05 2.021705442667688E-05 2.995003662109375E+00 3.006245605468749E+00 1.124194335937467E-02 1.955523704041546E+00 
12       3.000374633789062E+00 3.000874633789062E+00 1.403504759069478E-07 7.649842649684585E-07 2.995003662109375E+00 3.000874633789062E+00 5.870971679687198E-03 1.914835221956587E+00 
13       2.997689147949218E+00 2.998189147949218E+00 5.340037200603209E-06 3.279185149822249E-06 2.997689147949218E+00 3.000874633789062E+00 3.185485839843682E-03 1.843038071698130E+00 
14       2.999031890869140E+00 2.999531890869140E+00 9.372352892540442E-07 2.191261583945415E-07 2.999031890869140E+00 3.000874633789062E+00 1.842742919921481E-03 1.728665352831428E+00 
точка: 2.999953262329101E+00

количетсво вычислений функции: 28 

eps = 1.0E-04
Итерация x1                    x2                    f1                    f2                    a                     b                     Длина отрезка        Отношение длин
1        8.999974999999999E+00 9.000025000000001E+00 3.599970000062499E+01 3.600030000062501E+01 -2.000000000000000E+00 9.000025000000001E+00 1.100002500000000E+01 0.000000000000000E+00 
2        3.499987500000000E+00 3.500037500000000E+00 2.499875001562505E-01 2.500375014062504E-01 -2.000000000000000E+00 3.500037500000000E+00 5.500037500000000E+00 1.999990909152892E+00 
3        7.499937500000001E-01 7.500437500000002E-01 5.062528125039061E+00 5.062303126914062E+00 7.499937500000001E-01 3.500037500000000E+00 2.750043750000000E+00 1.999981818471070E+00 
4        2.124990625000000E+00 2.125040625000000E+00 7.656414063378904E-01 7.655539079003906E-01 2.124990625000000E+00 3.500037500000000E+00 1.375046875000000E+00 1.999963637603263E+00 
5        2.812489062500000E+00 2.812539062500000E+00 3.516035168212887E-02 3.514160308837892E-02 2.812489062500000E+00 3.500037500000000E+00 6.875484375000003E-01 1.999927277850878E+00 
6        3.156238281250000E+00 3.156288281250000E+00 2.441040052795419E-02 2.442602685607915E-02 2.812489062500000E+00 3.156288281250000E+00 3.437992187500001E-01 1.999854566278011E+00 
7        2.984363671875000E+00 2.984413671875000E+00 2.444947572326604E-04 2.429336244201641E-04 2.984363671875000E+00 3.156288281250000E+00 1.719246093750000E-01 1.999709174851805E+00 
8        3.070300976562500E+00 3.070350976562500E+00 4.942227305641206E-03 4.949259903297440E-03 2.984363671875000E+00 3.070350976562500E+00 8.598730468749993E-02 1.999418518812962E+00 
9        3.027332324218750E+00 3.027382324218750E+00 7.470559471988668E-04 7.497916796207354E-04 2.984363671875000E+00 3.027382324218750E+00 4.301865234374969E-02 1.998837713473683E+00 
10       3.005847998046875E+00 3.005897998046875E+00 3.419908115625475E-05 3.478638096094089E-05 2.984363671875000E+00 3.005897998046875E+00 2.153432617187478E-02 1.997678125630642E+00 
11       2.995105834960937E+00 2.995155834960937E+00 2.395285142958255E-05 2.346593492567742E-05 2.995105834960937E+00 3.005897998046875E+00 1.079216308593756E-02 1.995367008485493E+00 
12       3.000476916503906E+00 3.000526916503906E+00 2.274493516983662E-07 2.776410020888900E-07 2.995105834960937E+00 3.000526916503906E+00 5.421081542968942E-03 1.990776748218227E+00 
13       2.997791375732422E+00 2.997841375732422E+00 4.878021155334736E-06 4.659658728577433E-06 2.997791375732422E+00 3.000526916503906E+00 2.735540771484413E-03 1.981722078310406E+00 
14       2.999134146118164E+00 2.999184146118164E+00 7.497029446897366E-07 6.656175565063691E-07 2.999134146118164E+00 3.000526916503906E+00 1.392770385741926E-03 1.964100328014367E+00 
15       2.999805531311035E+00 2.999855531311035E+00 3.781807098759294E-08 2.087120209117108E-08 2.999805531311035E+00 3.000526916503906E+00 7.213851928709047E-04 1.930688901721287E+00 
16       3.000141223907471E+00 3.000191223907471E+00 1.994419204136496E-08 3.656658278841594E-08 2.999805531311035E+00 3.000191223907471E+00 3.856925964353941E-04 1.870363080696938E+00 
17       2.999973377609253E+00 3.000023377609253E+00 7.087516890871224E-10 5.465126143794745E-10 2.999973377609253E+00 3.000191223907471E+00 2.178462982178608E-04 1.770480378095182E+00 
18       3.000057300758362E+00 3.000107300758362E+00 3.283376908881942E-09 1.151345274507581E-08 2.999973377609253E+00 3.000107300758362E+00 1.339231491090942E-04 1.626651551035457E+00 
точка: 3.000040339183808E+00

количетсво вычислений функции: 36 

eps = 1.0E-05
Итерация x1                    x2                    f1                    f2                    a                     b                     Длина отрезка        Отношение длин
1        8.999997499999999E+00 9.000002500000001E+00 3.599997000000624E+01 3.600003000000626E+01 -2.000000000000000E+00 9.000002500000001E+00 1.100000250000000E+01 0.000000000000000E+00 
2        3.499998750000000E+00 3.500003750000000E+00 2.499987500015630E-01 2.500037500140628E-01 -2.000000000000000E+00 3.500003750000000E+00 5.500003750000000E+00 1.999999090909711E+00 
3        7.499993750000001E-01 7.500043750000002E-01 5.062502812500390E+00 5.062480312519140E+00 7.499993750000001E-01 3.500003750000000E+00 2.750004375000000E+00 1.999998181821074E+00 
4        2.124999062500000E+00 2.125004062500000E+00 7.656266406258786E-01 7.656178906415040E-01 2.124999062500000E+00 3.500003750000000E+00 1.375004687500000E+00 1.999996363648760E+00 
5        2.812498906250000E+00 2.812503906250000E+00 3.515666015744625E-02 3.515478517150882E-02 2.812498906250000E+00 3.500003750000000E+00 6.875048437500002E-01 1.999992727323966E+00 
6        3.156248828125000E+00 3.156253828125000E+00 2.441369629043588E-02 2.441525880371707E-02 2.812498906250000E+00 3.156253828125000E+00 3.437549218750000E-01 1.999985454753717E+00 
7        2.984373867187500E+00 2.984378867187500E+00 2.441760266738831E-04 2.440197903457640E-04 2.984373867187500E+00 3.156253828125000E+00 1.718799609374999E-01 1.999970909930555E+00 
8        3.070311347656250E+00 3.070316347656250E+00 4.943685609238087E-03 4.944388747714623E-03 2.984373867187500E+00 3.070316347656250E+00 8.594248046874986E-02 1.999941821553526E+00 
9        3.027342607421875E+00 3.027347607421875E+00 7.476181806267980E-04 7.478916317010064E-04 2.984373867187500E+00 3.027347607421875E+00 4.297374023437506E-02 1.999883649876111E+00 
10       3.005858237304688E+00 3.005863237304688E+00 3.431894431803600E-05 3.437755169108066E-05 2.984373867187500E+00 3.005863237304688E+00 2.148937011718743E-02 1.999767326823795E+00 
11       2.995116052246094E+00 2.995121052246094E+00 2.385294566288339E-05 2.380413118534618E-05 2.995116052246094E+00 3.005863237304688E+00 1.074718505859362E-02 1.999534761896017E+00 
12       3.000487144775391E+00 3.000492144775391E+00 2.373100321906631E-07 2.422064799443859E-07 2.995116052246094E+00 3.000492144775391E+00 5.376092529296717E-03 1.999069956483717E+00 
13       2.997801598510742E+00 2.997806598510742E+00 4.832969107970745E-06 4.811010093078998E-06 2.997801598510742E+00 3.000492144775391E+00 2.690546264648486E-03 1.998141641321708E+00 
14       2.999144371643067E+00 2.999149371643067E+00 7.320998851882116E-07 7.235686016192016E-07 2.999144371643067E+00 3.000492144775391E+00 1.347773132323926E-03 1.996290176826166E+00 
15       2.999815758209229E+00 2.999820758209228E+00 3.394503746664006E-08 3.212761955899425E-08 2.999815758209229E+00 3.000492144775391E+00 6.763865661620905E-04 1.992607777489394E+00 
16       3.000151451492310E+00 3.000156451492310E+00 2.293755452292454E-08 2.447706944596526E-08 2.999815758209229E+00 3.000156451492310E+00 3.406932830811726E-04 1.985324042919087E+00 
17       2.999983604850769E+00 2.999988604850769E+00 2.688009182964554E-10 1.298494259939119E-10 2.999983604850769E+00 3.000156451492310E+00 1.728466415404917E-04 1.971072622787181E+00 
18       3.000067528171540E+00 3.000072528171540E+00 4.560053951519024E-09 5.260335666890335E-09 2.999983604850769E+00 3.000072528171540E+00 8.892332077037324E-05 1.943771780485276E+00 
19       3.000025566511154E+00 3.000030566511154E+00 6.536464926067031E-10 9.343116041388662E-10 2.999983604850769E+00 3.000030566511154E+00 4.696166038486993E-05 1.893530169964401E+00 
20       3.000004585680962E+00 3.000009585680962E+00 2.102846988585371E-11 9.188527950288387E-11 2.999983604850769E+00 3.000009585680962E+00 2.598083019256237E-05 1.807550414548101E+00 
21       2.999994095265865E+00 2.999999095265865E+00 3.486588519950694E-11 8.185438545298132E-13 2.999994095265865E+00 3.000009585680962E+00 1.549041509640858E-05 1.677219753690523E+00 
точка: 3.000001840473414E+00

количетсво вычислений функции: 42 

eps = 1.0E-06
Итерация x1                    x2                    f1                    f2                    a                     b                     Длина отрезка        Отношение длин
1        8.999999750000001E+00 9.000000249999999E+00 3.599999700000007E+01 3.600000300000006E+01 -2.000000000000000E+00 9.000000249999999E+00 1.100000025000000E+01 0.000000000000000E+00 
2        3.499999875000000E+00 3.500000374999999E+00 2.499998750000155E-01 2.500003750001401E-01 -2.000000000000000E+00 3.500000374999999E+00 5.500000374999999E+00 1.999999909090916E+00 
3        7.499999374999997E-01 7.500004374999998E-01 5.062500281250006E+00 5.062498031250192E+00 7.499999374999997E-01 3.500000374999999E+00 2.750000437500000E+00 1.999999818181847E+00 
4        2.124999906250000E+00 2.125000406249999E+00 7.656251640625091E-01 7.656242890626661E-01 2.124999906250000E+00 3.500000374999999E+00 1.375000468750000E+00 1.999999636363761E+00 
5        2.812499890625000E+00 2.812500390624999E+00 3.515629101563703E-02 3.515610351577779E-02 2.812499890625000E+00 3.500000374999999E+00 6.875004843749997E-01 1.999999272727786E+00 
6        3.156249882812500E+00 3.156250382812499E+00 2.441402587891994E-02 2.441418212905263E-02 2.812499890625000E+00 3.156250382812499E+00 3.437504921874996E-01 1.999998545456629E+00 
7        2.984374886718750E+00 2.984375386718749E+00 2.441441650519001E-04 2.441285401886305E-04 2.984374886718750E+00 3.156250382812499E+00 1.718754960937496E-01 1.999997090917490E+00 
8        3.070312384765625E+00 3.070312884765624E+00 4.943831451429242E-03 4.943901764063955E-03 2.984374886718750E+00 3.070312884765624E+00 8.593799804687441E-02 1.999994181851910E+00 
9        3.027343635742187E+00 3.027344135742187E+00 7.476744156014313E-04 7.477017594871530E-04 2.984374886718750E+00 3.027344135742187E+00 4.296924902343724E-02 1.999988363771501E+00 
10       3.005859261230469E+00 3.005859761230468E+00 3.433094216687558E-05 3.433680167810167E-05 2.984374886718750E+00 3.005859761230468E+00 2.148487451171865E-02 1.999976727813802E+00 
11       2.995117073974610E+00 2.995117573974609E+00 2.384296656943510E-05 2.383808389341336E-05 2.995117073974610E+00 3.005859761230468E+00 1.074268725585892E-02 1.999953456710851E+00 
12       3.000488167602539E+00 3.000488667602539E+00 2.383076081688943E-07 2.387960257710678E-07 2.995117073974610E+00 3.000488667602539E+00 5.371593627929272E-03 1.999906917753974E+00 
13       2.997802620788574E+00 2.997803120788574E+00 4.828475398805386E-06 4.826278269595604E-06 2.997802620788574E+00 3.000488667602539E+00 2.686046813964449E-03 1.999813852834945E+00 
14       2.999145394195557E+00 2.999145894195557E+00 7.303510809876073E-07 7.294967251838035E-07 2.999145394195557E+00 3.000488667602539E+00 1.343273406981815E-03 1.999627774958856E+00 
15       2.999816780899048E+00 2.999817280899048E+00 3.356923895361161E-08 3.338626985279649E-08 2.999816780899048E+00 3.000488667602539E+00 6.718867034907205E-04 1.999255826916907E+00 
16       3.000152474250794E+00 3.000152974250793E+00 2.324839715509316E-08 2.340112140577235E-08 2.999816780899048E+00 3.000152974250793E+00 3.361933517451732E-04 1.998512760597346E+00 
17       2.999984627574921E+00 2.999985127574921E+00 2.363114528124359E-10 2.211890277444699E-10 2.999984627574921E+00 3.000152974250793E+00 1.683466758723995E-04 1.997029938387350E+00 
18       3.000068550912857E+00 3.000069050912857E+00 4.699227653567811E-09 4.768028566373423E-09 2.999984627574921E+00 3.000069050912857E+00 8.442333793601264E-05 1.994077467062428E+00 
19       3.000026589243889E+00 3.000027089243889E+00 7.069878905820685E-10 7.338271344506697E-10 2.999984627574921E+00 3.000027089243889E+00 4.246166896759718E-05 1.988224673892040E+00 
20       3.000005608409405E+00 3.000006108409405E+00 3.145425605284916E-11 3.731266545316679E-11 2.999984627574921E+00 3.000006108409405E+00 2.148083448361149E-05 1.976723436884760E+00 
21       2.999995117992163E+00 2.999995617992163E+00 2.383400052154181E-11 1.920199268771762E-11 2.999995117992163E+00 3.000006108409405E+00 1.099041724161864E-05 1.954505821877954E+00 
22       3.000000363200784E+00 3.000000863200783E+00 1.319148092590047E-13 7.451155922836767E-13 2.999995117992163E+00 3.000000863200783E+00 5.745208620400177E-06 1.912970958546866E+00 
23       2.999997740596473E+00 2.999998240596473E+00 5.104904297542321E-12 3.095500771920518E-12 2.999997740596473E+00 3.000000863200783E+00 3.122604310235033E-06 1.839877246556335E+00 
24       2.999999051898628E+00 2.999999551898628E+00 8.988962108941297E-13 2.007948395955641E-13 2.999999051898628E+00 3.000000863200783E+00 1.811302154930416E-06 1.723955498940480E+00 
точка: 2.999999957549706E+00

количетсво вычислений функции: 48 

eps = 1.0E-07
Итерация x1                    x2                    f1                    f2                    a                     b                     Длина отрезка        Отношение длин
1        8.999999975000000E+00 9.000000025000000E+00 3.599999970000000E+01 3.600000030000000E+01 -2.000000000000000E+00 9.000000025000000E+00 1.100000002500000E+01 0.000000000000000E+00 
2        3.499999987500000E+00 3.500000037500000E+00 2.499999875000005E-01 2.500000375000014E-01 -2.000000000000000E+00 3.500000037500000E+00 5.500000037500000E+00 1.999999990909091E+00 
3        7.499999937500000E-01 7.500000437500000E-01 5.062500028125000E+00 5.062499803125002E+00 7.499999937500000E-01 3.500000037500000E+00 2.750000043750000E+00 1.999999981818182E+00 
4        2.124999990625000E+00 2.125000040625000E+00 7.656250164062499E-01 7.656249289062520E-01 2.124999990625000E+00 3.500000037500000E+00 1.375000046875000E+00 1.999999963636365E+00 
5        2.812499989062500E+00 2.812500039062500E+00 3.515625410156254E-02 3.515623535156406E-02 2.812499989062500E+00 3.500000037500000E+00 6.875000484374998E-01 1.999999927272733E+00 
6        3.156249988281250E+00 3.156250038281250E+00 2.441405883789077E-02 2.441407446289200E-02 2.812499989062500E+00 3.156250038281250E+00 3.437500492187495E-01 1.999999854545478E+00 
7        2.984374988671875E+00 2.984375038671875E+00 2.441409790040240E-04 2.441394165054007E-04 2.984374988671875E+00 3.156250038281250E+00 1.718750496093744E-01 1.999999709090997E+00 
8        3.070312488476563E+00 3.070312538476562E+00 4.943846035766760E-03 4.943853067018065E-03 2.984374988671875E+00 3.070312538476562E+00 8.593754980468704E-02 1.999999418182159E+00 
9        3.027343738574219E+00 3.027343788574219E+00 7.476800392152449E-04 7.476827735915857E-04 2.984374988671875E+00 3.027343788574219E+00 4.296879990234359E-02 1.999998836364985E+00 
10       3.005859363623047E+00 3.005859413623047E+00 3.433214206708983E-05 3.433272800594857E-05 2.984374988671875E+00 3.005859413623047E+00 2.148442495117164E-02 1.999997672732698E+00 
11       2.995117176147461E+00 2.995117226147461E+00 2.384196877492291E-05 2.384148049504063E-05 2.995117176147461E+00 3.005859413623047E+00 1.074223747558589E-02 1.999995345476187E+00 
12       3.000488269885254E+00 3.000488319885254E+00 2.384074808459220E-07 2.384563103341506E-07 2.995117176147461E+00 3.000488319885254E+00 5.371143737792572E-03 1.999990690995867E+00 
13       2.997802723016358E+00 2.997802773016357E+00 4.828026142844956E-06 4.827806417647927E-06 2.997802723016358E+00 3.000488319885254E+00 2.685596868896134E-03 1.999981382164883E+00 
14       2.999145496450806E+00 2.999145546450805E+00 7.301763155855736E-07 7.300908677311735E-07 2.999145496450806E+00 3.000488319885254E+00 1.342823434447915E-03 1.999962765023001E+00 
15       2.999816883168030E+00 2.999816933168030E+00 3.353177415078145E-08 3.351346496769569E-08 2.999816883168030E+00 3.000488319885254E+00 6.714367172238056E-04 1.999925532818785E+00 
16       3.000152576526642E+00 3.000152626526642E+00 2.327959648211012E-08 2.329485663468155E-08 2.999816883168030E+00 3.000152626526642E+00 3.357433586117509E-04 1.999851076727466E+00 
17       2.999984729847336E+00 2.999984779847336E+00 2.331775623853859E-10 2.316530471282244E-10 2.999984729847336E+00 3.000152626526642E+00 1.678966793057235E-04 1.999702197804609E+00 
18       3.000068653186989E+00 3.000068703186989E+00 4.713260083763142E-09 4.720127902420300E-09 2.999984729847336E+00 3.000068703186989E+00 8.397333965293186E-05 1.999404572923420E+00 
19       3.000026691517162E+00 3.000026741517162E+00 7.124370884243185E-10 7.151087401242945E-10 2.999984729847336E+00 3.000026741517162E+00 4.201166982609195E-05 1.998809854512829E+00 
20       3.000005710682249E+00 3.000005760682249E+00 3.261189175252391E-11 3.318545997395334E-11 2.999984729847336E+00 3.000005760682249E+00 2.103083491311608E-05 1.997622538508491E+00 
21       2.999995220264793E+00 2.999995270264793E+00 2.284586865078684E-11 2.237039513294300E-11 2.999995220264793E+00 3.000005760682249E+00 1.054041745618406E-05 1.995256354934718E+00 
22       3.000000465473521E+00 3.000000515473521E+00 2.166655988086870E-13 2.657129506014839E-13 2.999995220264793E+00 3.000000515473521E+00 5.295208727940093E-06 1.990557501646290E+00 
23       2.999997842869157E+00 2.999997892869156E+00 4.653213475044051E-12 4.440000391996325E-12 2.999997842869157E+00 3.000000515473521E+00 2.672604364040154E-06 1.981291656627908E+00 
24       2.999999154171339E+00 2.999999204171339E+00 7.154261235816598E-13 6.333432579763999E-13 2.999999154171339E+00 3.000000515473521E+00 1.361302181646096E-06 1.963270462703897E+00 
25       2.999999809822430E+00 2.999999859822430E+00 3.616750818294165E-14 1.964975125450564E-14 2.999999809822430E+00 3.000000515473521E+00 7.056510908931557E-07 1.929143452358403E+00 
26       3.000000137647975E+00 3.000000187647975E+00 1.894696508772256E-14 3.521176249769854E-14 2.999999809822430E+00 3.000000187647975E+00 3.778255450725965E-07 1.867663793769079E+00 
27       2.999999973735203E+00 3.000000023735202E+00 6.898395849870992E-16 5.633598257570885E-16 2.999999973735203E+00 3.000000187647975E+00 2.139127723843615E-07 1.766259867801228E+00 
28       3.000000055691589E+00 3.000000105691588E+00 3.101553049036544E-15 1.117071185220507E-14 2.999999973735203E+00 3.000000105691588E+00 1.319563858181994E-07 1.621086930033656E+00 
точка: 3.000000039713395E+00

количетсво вычислений функции: 56 

