eps = 1.0E-01
Итерация x1                    x2                    f1                    f2                    a                     b                     Длина отрезка        Отношение длин
1        3.193133047210300E+00 6.403433476394850E+00 3.730037392473601E-02 1.158335942824514E+01 -2.000000000000000E+00 1.159656652360515E+01 1.359656652360515E+01 0.000000000000000E+00 
2        1.210300429184549E+00 3.193133047210300E+00 3.203024553777010E+00 3.730037392473601E-02 -2.000000000000000E+00 6.403433476394850E+00 8.403433476394850E+00 1.617977528089888E+00 
3        3.193133047210300E+00 4.420600858369099E+00 3.730037392473601E-02 2.018106798799020E+00 1.210300429184549E+00 6.403433476394850E+00 5.193133047210301E+00 1.618181818181818E+00 
4        2.437768240343347E+00 3.193133047210300E+00 3.161045515666163E-01 3.730037392473601E-02 1.210300429184549E+00 4.420600858369099E+00 3.210300429184550E+00 1.617647058823529E+00 
5        3.193133047210300E+00 3.665236051502146E+00 3.730037392473601E-02 4.425390042181656E-01 2.437768240343347E+00 4.420600858369099E+00 1.982832618025752E+00 1.619047619047619E+00 
6        2.909871244635193E+00 3.193133047210300E+00 8.123192543609251E-03 3.730037392473601E-02 2.437768240343347E+00 3.665236051502146E+00 1.227467811158799E+00 1.615384615384615E+00 
7        2.721030042918454E+00 2.909871244635193E+00 7.782423695407939E-02 8.123192543609251E-03 2.437768240343347E+00 3.193133047210300E+00 7.553648068669530E-01 1.625000000000000E+00 
8        2.909871244635193E+00 3.004291845493562E+00 8.123192543609251E-03 1.841993774060546E-05 2.721030042918454E+00 3.193133047210300E+00 4.721030042918457E-01 1.600000000000000E+00 
9        3.004291845493562E+00 3.098712446351931E+00 1.841993774060546E-05 9.744147064782832E-03 2.909871244635193E+00 3.193133047210300E+00 2.832618025751072E-01 1.666666666666668E+00 
10       3.004291845493562E+00 3.051502145922746E+00 1.841993774060546E-05 2.652471034647827E-03 3.004291845493562E+00 3.098712446351931E+00 9.442060085836923E-02 2.999999999999995E+00 
точка: 3.051502145922746E+00

количетсво вычислений функции: 12 

eps = 1.0E-02
Итерация x1                    x2                    f1                    f2                    a                     b                     Длина отрезка        Отношение длин
1        3.193498452012383E+00 6.403250773993806E+00 3.744165093118849E-02 1.158211583068944E+01 -2.000000000000000E+00 1.159674922600619E+01 1.359674922600619E+01 0.000000000000000E+00 
2        1.209752321981423E+00 3.193498452012383E+00 3.204986748650906E+00 3.744165093118849E-02 -2.000000000000000E+00 6.403250773993806E+00 8.403250773993806E+00 1.618034447821682E+00 
3        3.193498452012383E+00 4.419504643962847E+00 3.744165093118849E-02 2.014993434232090E+00 1.209752321981423E+00 6.403250773993806E+00 5.193498452012383E+00 1.618032786885246E+00 
4        2.435758513931888E+00 3.193498452012383E+00 3.183684546003519E-01 3.744165093118849E-02 1.209752321981423E+00 4.419504643962847E+00 3.209752321981424E+00 1.618037135278514E+00 
5        3.193498452012383E+00 3.661764705882352E+00 3.744165093118849E-02 4.379325259515564E-01 2.435758513931888E+00 4.419504643962847E+00 1.983746130030960E+00 1.618025751072961E+00 
6        2.904024767801857E+00 3.193498452012383E+00 9.211245195487480E-03 3.744165093118849E-02 2.435758513931888E+00 3.661764705882352E+00 1.226006191950465E+00 1.618055555555555E+00 
7        2.725232198142414E+00 2.904024767801857E+00 7.549734493764981E-02 9.211245195487480E-03 2.435758513931888E+00 3.193498452012383E+00 7.577399380804954E-01 1.617977528089888E+00 
8        2.904024767801857E+00 3.014705882352940E+00 9.211245195487480E-03 2.162629757785190E-04 2.725232198142414E+00 3.193498452012383E+00 4.682662538699693E-01 1.618181818181817E+00 
9        3.014705882352940E+00 3.082817337461300E+00 2.162629757785190E-04 6.858711384178796E-03 2.904024767801857E+00 3.193498452012383E+00 2.894736842105261E-01 1.617647058823532E+00 
10       2.972136222910216E+00 3.014705882352940E+00 7.763900737091744E-04 2.162629757785190E-04 2.904024767801857E+00 3.082817337461300E+00 1.787925696594428E-01 1.619047619047617E+00 
11       3.014705882352940E+00 3.040247678018575E+00 2.162629757785190E-04 1.619875585886884E-03 2.972136222910216E+00 3.082817337461300E+00 1.106811145510838E-01 1.615384615384614E+00 
12       2.997678018575851E+00 3.014705882352940E+00 5.391597734094410E-06 2.162629757785190E-04 2.972136222910216E+00 3.040247678018575E+00 6.811145510835903E-02 1.625000000000005E+00 
13       2.989164086687305E+00 2.997678018575851E+00 1.174170173202301E-04 5.391597734094410E-06 2.972136222910216E+00 3.014705882352940E+00 4.256965944272428E-02 1.600000000000004E+00 
14       2.997678018575851E+00 3.006191950464395E+00 5.391597734094410E-06 3.834025055352726E-05 2.989164086687305E+00 3.014705882352940E+00 2.554179566563475E-02 1.666666666666655E+00 
15       2.997678018575851E+00 3.001934984520123E+00 5.391597734094410E-06 3.744165093115963E-06 2.997678018575851E+00 3.006191950464395E+00 8.513931888544768E-03 3.000000000000052E+00 
точка: 3.001934984520123E+00

количетсво вычислений функции: 17 

eps = 1.0E-03
Итерация x1                    x2                    f1                    f2                    a                     b                     Длина отрезка        Отношение длин
1        3.193495481034302E+00 6.403252259482848E+00 3.744050118069581E-02 1.158212594167511E+01 -2.000000000000000E+00 1.159674774051715E+01 1.359674774051715E+01 0.000000000000000E+00 
2        1.209756778448546E+00 3.193495481034302E+00 3.204970792310928E+00 3.744050118069581E-02 -2.000000000000000E+00 6.403252259482848E+00 8.403252259482848E+00 1.618033985017358E+00 
3        3.193495481034302E+00 4.419513556897092E+00 3.744050118069581E-02 2.015018738214634E+00 1.209756778448546E+00 6.403252259482848E+00 5.193495481034302E+00 1.618033998521803E+00 
4        2.435774854311337E+00 3.193495481034302E+00 3.183500150273934E-01 3.744050118069581E-02 1.209756778448546E+00 4.419513556897092E+00 3.209756778448546E+00 1.618033963166707E+00 
5        3.193495481034302E+00 3.661792930174127E+00 3.744050118069581E-02 4.379698824284572E-01 2.435774854311337E+00 4.419513556897092E+00 1.983738702585756E+00 1.618034055727554E+00 
6        2.904072303451163E+00 3.193495481034302E+00 9.202122965165826E-03 3.744050118069581E-02 2.435774854311337E+00 3.661792930174127E+00 1.226018075862791E+00 1.618033813400126E+00 
7        2.725198031894475E+00 2.904072303451163E+00 7.551612167466983E-02 9.202122965165826E-03 2.435774854311337E+00 3.193495481034302E+00 7.577206267229650E-01 1.618034447821681E+00 
8        2.904072303451163E+00 3.014621209477614E+00 9.202122965165826E-03 2.137797665882670E-04 2.725198031894475E+00 3.193495481034302E+00 4.682974491398264E-01 1.618032786885246E+00 
9        3.014621209477614E+00 3.082946575007851E+00 2.137797665882670E-04 6.880134305533028E-03 2.904072303451163E+00 3.193495481034302E+00 2.894231775831391E-01 1.618037135278512E+00 
10       2.972397668981400E+00 3.014621209477614E+00 7.618886776603917E-04 2.137797665882670E-04 2.904072303451163E+00 3.082946575007851E+00 1.788742715566882E-01 1.618025751072960E+00 
11       3.014621209477614E+00 3.040723034511637E+00 2.137797665882670E-04 1.658365539835974E-03 2.972397668981400E+00 3.082946575007851E+00 1.105489060264513E-01 1.618055555555553E+00 
12       2.998499494015423E+00 3.014621209477614E+00 2.251518209751274E-06 2.137797665882670E-04 2.972397668981400E+00 3.040723034511637E+00 6.832536553023738E-02 1.617977528089885E+00 
13       2.988519384443590E+00 2.998499494015423E+00 1.318045335540731E-04 2.251518209751274E-06 2.972397668981400E+00 3.014621209477614E+00 4.222354049621435E-02 1.618181818181809E+00 
14       2.998499494015423E+00 3.004641099905781E+00 2.251518209751274E-06 2.153980833544338E-05 2.988519384443590E+00 3.014621209477614E+00 2.610182503402347E-02 1.617647058823526E+00 
15       2.994660990333949E+00 2.998499494015423E+00 2.850502421418895E-05 2.251518209751274E-06 2.988519384443590E+00 3.004641099905781E+00 1.612171546219088E-02 1.619047619047628E+00 
16       2.998499494015423E+00 3.000802596224307E+00 2.251518209751274E-06 6.441606992725751E-07 2.994660990333949E+00 3.004641099905781E+00 9.980109571832596E-03 1.615384615384591E+00 
17       3.000802596224307E+00 3.002337997696897E+00 6.441606992725751E-07 5.466233230695254E-06 2.998499494015423E+00 3.004641099905781E+00 6.141605890358282E-03 1.625000000000063E+00 
18       3.000034895488012E+00 3.000802596224307E+00 1.217695083630429E-09 6.441606992725751E-07 2.998499494015423E+00 3.002337997696897E+00 3.838503681473870E-03 1.600000000000023E+00 
19       2.999267194751718E+00 3.000034895488012E+00 5.370035319096570E-07 1.217695083630429E-09 2.998499494015423E+00 3.000802596224307E+00 2.303102208884411E-03 1.666666666666602E+00 
20       3.000034895488013E+00 3.000418745856160E+00 1.217695083630429E-09 1.753480920509640E-07 3.000034895488012E+00 3.000802596224307E+00 7.677007362949517E-04 2.999999999999421E+00 
точка: 3.000418745856160E+00

количетсво вычислений функции: 22 

eps = 1.0E-04
Итерация x1                    x2                    f1                    f2                    a                     b                     Длина отрезка        Отношение длин
1        3.193495505190191E+00 6.403252247404902E+00 3.744051052880706E-02 1.158212585946652E+01 -2.000000000000000E+00 1.159674775259509E+01 1.359674775259509E+01 0.000000000000000E+00 
2        1.209756742214712E+00 3.193495505190191E+00 3.204970922045683E+00 3.744051052880706E-02 -2.000000000000000E+00 6.403252247404902E+00 8.403252247404902E+00 1.618033988780243E+00 
3        3.193495505190191E+00 4.419513484429423E+00 3.744051052880706E-02 2.015018532476962E+00 1.209756742214712E+00 6.403252247404902E+00 5.193495505190191E+00 1.618033988670443E+00 
4        2.435774721453944E+00 3.193495505190191E+00 3.183501649503744E-01 3.744051052880706E-02 1.209756742214712E+00 4.419513484429423E+00 3.209756742214712E+00 1.618033988957902E+00 
5        3.193495505190191E+00 3.661792700693177E+00 3.744051052880706E-02 4.379695786907695E-01 2.435774721453944E+00 4.419513484429423E+00 1.983738762975479E+00 1.618033988205325E+00 
6        2.904071916956932E+00 3.193495505190191E+00 9.202197116317791E-03 3.744051052880706E-02 2.435774721453944E+00 3.661792700693177E+00 1.226017979239233E+00 1.618033990175597E+00 
7        2.725198309687202E+00 2.904071916956932E+00 7.551596899877075E-02 9.202197116317791E-03 2.435774721453944E+00 3.193495505190191E+00 7.577207837362465E-01 1.618033985017356E+00 
8        2.904071916956932E+00 3.014621897920461E+00 9.202197116317791E-03 2.137998987963714E-04 2.725198309687202E+00 3.193495505190191E+00 4.682971955029882E-01 1.618033998521803E+00 
9        3.014621897920461E+00 3.082945524226662E+00 2.137998987963714E-04 6.879959989235720E-03 2.904071916956932E+00 3.193495505190191E+00 2.894235882332588E-01 1.618033963166705E+00 
10       2.972395543263133E+00 3.014621897920461E+00 7.620060317375717E-04 2.137998987963714E-04 2.904071916956932E+00 3.082945524226662E+00 1.788736072697299E-01 1.618034055727554E+00 
11       3.014621897920461E+00 3.040719169569334E+00 2.137998987963714E-04 1.658050770416164E-03 2.972395543263133E+00 3.082945524226662E+00 1.105499809635289E-01 1.618033813400126E+00 
12       2.998492814912006E+00 3.014621897920461E+00 2.271606889471383E-06 2.137998987963714E-04 2.972395543263133E+00 3.040719169569334E+00 6.832362630620104E-02 1.618034447821681E+00 
13       2.988524626271587E+00 2.998492814912006E+00 1.316842022067413E-04 2.271606889471383E-06 2.972395543263133E+00 3.014621897920461E+00 4.222635465732782E-02 1.618032786885249E+00 
14       2.998492814912006E+00 3.004653709280042E+00 2.271606889471383E-06 2.165701006314950E-05 2.988524626271587E+00 3.014621897920461E+00 2.609727164887321E-02 1.618037135278508E+00 
15       2.994685520639624E+00 2.998492814912006E+00 2.824369087186357E-05 2.271606889471383E-06 2.988524626271587E+00 3.004653709280042E+00 1.612908300845461E-02 1.618025751072980E+00 
16       2.998492814912006E+00 3.000846415007660E+00 2.271606889471383E-06 7.164183651919383E-07 2.994685520639624E+00 3.004653709280042E+00 9.968188640418152E-03 1.618055555555580E+00 
17       3.000846415007660E+00 3.002300109184388E+00 7.164183651919383E-07 5.290502260104751E-06 2.998492814912006E+00 3.004653709280042E+00 6.160894368036018E-03 1.617977528089940E+00 
18       2.999946509088733E+00 3.000846415007660E+00 2.861277588132034E-09 7.164183651919383E-07 2.998492814912006E+00 3.002300109184388E+00 3.807294272381689E-03 1.618181818181869E+00 
19       2.999392720830933E+00 2.999946509088733E+00 3.687879891832438E-07 2.861277588132034E-09 2.998492814912006E+00 3.000846415007660E+00 2.353600095653885E-03 1.617647058823702E+00 
20       2.999946509088733E+00 3.000292626749859E+00 2.861277588132034E-09 8.563041473308961E-08 2.999392720830933E+00 3.000846415007660E+00 1.453694176727360E-03 1.619047619047663E+00 
21       2.999738838492058E+00 2.999946509088733E+00 6.820533323041083E-08 2.861277588132034E-09 2.999392720830933E+00 3.000292626749859E+00 8.999059189265246E-04 1.615384615384502E+00 
22       2.999946509088733E+00 3.000084956153184E+00 2.861277588132034E-09 7.217547963812213E-09 2.999738838492058E+00 3.000292626749859E+00 5.537882578008357E-04 1.625000000000301E+00 
23       2.999877285556508E+00 2.999946509088733E+00 1.505883464146685E-08 2.861277588132034E-09 2.999738838492058E+00 3.000084956153184E+00 3.461176611256889E-04 1.599999999999230E+00 
24       2.999946509088733E+00 3.000015732620959E+00 2.861277588132034E-09 2.475153622359773E-10 2.999877285556508E+00 3.000084956153184E+00 2.076705966755910E-04 1.666666666665241E+00 
25       3.000015732620959E+00 3.000050344387072E+00 2.475153622359773E-10 2.534557309618354E-09 3.000015732620959E+00 3.000084956153184E+00 6.922353222504896E-05 3.000000000006415E+00 
точка: 3.000050344387072E+00

количетсво вычислений функции: 27 

eps = 1.0E-05
Итерация x1                    x2                    f1                    f2                    a                     b                     Длина отрезка        Отношение длин
1        3.193495504993789E+00 6.403252247503104E+00 3.744051045280124E-02 1.158212586013493E+01 -2.000000000000000E+00 1.159674775249689E+01 1.359674775249689E+01 0.000000000000000E+00 
2        1.209756742509316E+00 3.193495504993789E+00 3.204970920990856E+00 3.744051045280124E-02 -2.000000000000000E+00 6.403252247503104E+00 8.403252247503104E+00 1.618033988749648E+00 
3        3.193495504993789E+00 4.419513485018632E+00 3.744051045280124E-02 2.015018534149741E+00 1.209756742509316E+00 6.403252247503104E+00 5.193495504993789E+00 1.618033988750541E+00 
4        2.435774722534158E+00 3.193495504993789E+00 3.183501637314062E-01 3.744051045280124E-02 1.209756742509316E+00 4.419513485018632E+00 3.209756742509316E+00 1.618033988748203E+00 
5        3.193495504993789E+00 3.661792702559001E+00 3.744051045280124E-02 4.379695811603462E-01 2.435774722534158E+00 4.419513485018632E+00 1.983738762484474E+00 1.618033988754322E+00 
6        2.904071920099370E+00 3.193495504993789E+00 9.202196513421634E-03 3.744051045280124E-02 2.435774722534158E+00 3.661792702559001E+00 1.226017980024843E+00 1.618033988738303E+00 
7        2.725198307428577E+00 2.904071920099370E+00 7.551597024011909E-02 9.202196513421634E-03 2.435774722534158E+00 3.193495504993789E+00 7.577207824596304E-01 1.618033988780243E+00 
8        2.904071920099370E+00 3.014621892322995E+00 9.202196513421634E-03 2.137997351052614E-04 2.725198307428577E+00 3.193495504993789E+00 4.682971975652119E-01 1.618033988670443E+00 
9        3.014621892322995E+00 3.082945532770164E+00 2.137997351052614E-04 6.879961406526282E-03 2.904071920099370E+00 3.193495504993789E+00 2.894235848944184E-01 1.618033988957902E+00 
10       2.972395560546539E+00 3.014621892322995E+00 7.620050775398141E-04 2.137997351052614E-04 2.904071920099370E+00 3.082945532770164E+00 1.788736126707935E-01 1.618033988205324E+00 
11       3.014621892322995E+00 3.040719200993707E+00 2.137997351052614E-04 1.658053329565924E-03 2.972395560546539E+00 3.082945532770164E+00 1.105499722236249E-01 1.618033990175599E+00 
12       2.998492869217250E+00 3.014621892322995E+00 2.271443196311621E-06 2.137997351052614E-04 2.972395560546539E+00 3.040719200993707E+00 6.832364044716854E-02 1.618033985017354E+00 
13       2.988524583652283E+00 2.998492869217250E+00 1.316851803534425E-04 2.271443196311621E-06 2.972395560546539E+00 3.014621892322995E+00 4.222633177645641E-02 1.618033998521815E+00 
14       2.998492869217250E+00 3.004653606758028E+00 2.271443196311621E-06 2.165605585836445E-05 2.988524583652283E+00 3.014621892322995E+00 2.609730867071169E-02 1.618033963166703E+00 
15       2.994685321193061E+00 2.998492869217250E+00 2.824581082092572E-05 2.271443196311621E-06 2.988524583652283E+00 3.004653606758028E+00 1.612902310574471E-02 1.618034055727563E+00 
16       2.998492869217250E+00 3.000846058733839E+00 2.271443196311621E-06 7.158153811056749E-07 2.994685321193061E+00 3.004653606758028E+00 9.968285564966983E-03 1.618033813400101E+00 
17       3.000846058733839E+00 3.002300417241439E+00 7.158153811056749E-07 5.291919484710488E-06 2.998492869217250E+00 3.004653606758028E+00 6.160737540777728E-03 1.618034447821745E+00 
18       2.999947227724850E+00 3.000846058733839E+00 2.784913024483092E-09 7.158153811056749E-07 2.998492869217250E+00 3.002300417241439E+00 3.807548024188812E-03 1.618032786885270E+00 
19       2.999391700226239E+00 2.999947227724850E+00 3.700286147572525E-07 2.784913024483092E-09 2.998492869217250E+00 3.000846058733839E+00 2.353189516588916E-03 1.618037135278451E+00 
20       2.999947227724850E+00 3.000290531235228E+00 2.784913024483092E-09 8.440839864306737E-08 2.999391700226239E+00 3.000846058733839E+00 1.454358507599895E-03 1.618025751073129E+00 
21       2.999735003736617E+00 2.999947227724850E+00 7.022301960692258E-08 2.784913024483092E-09 2.999391700226239E+00 3.000290531235228E+00 8.988310089885765E-04 1.618055555555916E+00 
22       2.999947227724850E+00 3.000078307246995E+00 2.784913024483092E-09 6.132024931897983E-09 2.999735003736617E+00 3.000290531235228E+00 5.555274986108749E-04 1.617977528090238E+00 
23       2.999866083258761E+00 2.999947227724850E+00 1.793369358403572E-08 2.784913024483092E-09 2.999735003736617E+00 3.000078307246995E+00 3.433035103777016E-04 1.618181818180901E+00 
24       2.999947227724850E+00 2.999997162780905E+00 2.784913024483092E-09 8.049812191759466E-12 2.999866083258761E+00 3.000078307246995E+00 2.122239882336174E-04 1.617647058822545E+00 
25       2.999997162780905E+00 3.000028372190940E+00 8.049812191759466E-12 8.049812187223544E-10 2.999947227724850E+00 3.000078307246995E+00 1.310795221445282E-04 1.619047619044715E+00 
26       2.999978437134885E+00 2.999997162780905E+00 4.649571519776977E-10 8.049812191759466E-12 2.999947227724850E+00 3.000028372190940E+00 8.114446608953330E-05 1.615384615383352E+00 
27       2.999997162780905E+00 3.000009646544919E+00 8.049812191759466E-12 9.305582888019160E-11 2.999978437134885E+00 3.000028372190940E+00 4.993505605499493E-05 1.625000000003335E+00 
28       2.999990920898898E+00 2.999997162780905E+00 8.243007681297426E-11 8.049812191759466E-12 2.999978437134885E+00 3.000009646544919E+00 3.120941003453837E-05 1.599999999991462E+00 
29       2.999997162780905E+00 3.000003404662912E+00 8.049812191759466E-12 1.159172954766658E-11 2.999990920898898E+00 3.000009646544919E+00 1.872564602090065E-05 1.666666666650856E+00 
30       2.999997162780905E+00 3.000000283721909E+00 8.049812191759466E-12 8.049812169079855E-14 2.999997162780906E+00 3.000003404662912E+00 6.241882006818855E-06 3.000000000071147E+00 
точка: 3.000000283721909E+00

количетсво вычислений функции: 32 

eps = 1.0E-06
Итерация x1                    x2                    f1                    f2                    a                     b                     Длина отрезка        Отношение длин
1        3.193495504995340E+00 6.403252247502332E+00 3.744051045340172E-02 1.158212586012967E+01 -2.000000000000000E+00 1.159674775249767E+01 1.359674775249767E+01 0.000000000000000E+00 
2        1.209756742506991E+00 3.193495504995340E+00 3.204970920999180E+00 3.744051045340172E-02 -2.000000000000000E+00 6.403252247502332E+00 8.403252247502332E+00 1.618033988749890E+00 
3        3.193495504995340E+00 4.419513485013981E+00 3.744051045340172E-02 2.015018534136538E+00 1.209756742506991E+00 6.403252247502332E+00 5.193495504995340E+00 1.618033988749909E+00 
4        2.435774722525633E+00 3.193495504995340E+00 3.183501637410269E-01 3.744051045340172E-02 1.209756742506991E+00 4.419513485013981E+00 3.209756742506990E+00 1.618033988749859E+00 
5        3.193495504995340E+00 3.661792702544274E+00 3.744051045340172E-02 4.379695811408534E-01 2.435774722525633E+00 4.419513485013981E+00 1.983738762488349E+00 1.618033988749989E+00 
6        2.904071920074566E+00 3.193495504995340E+00 9.202196518180380E-03 3.744051045340172E-02 2.435774722525633E+00 3.661792702544274E+00 1.226017980018641E+00 1.618033988749649E+00 
7        2.725198307446406E+00 2.904071920074566E+00 7.551597023032006E-02 9.202196518180380E-03 2.435774722525633E+00 3.193495504995340E+00 7.577207824697076E-01 1.618033988750540E+00 
8        2.904071920074566E+00 3.014621892367179E+00 9.202196518180380E-03 2.137997363973750E-04 2.725198307446406E+00 3.193495504995340E+00 4.682971975489343E-01 1.618033988748204E+00 
9        3.014621892367179E+00 3.082945532702728E+00 2.137997363973750E-04 6.879961395339279E-03 2.904071920074566E+00 3.193495504995340E+00 2.894235849207738E-01 1.618033988754320E+00 
10       2.972395560410115E+00 3.014621892367179E+00 7.620050850716170E-04 2.137997363973750E-04 2.904071920074566E+00 3.082945532702728E+00 1.788736126281614E-01 1.618033988738302E+00 
11       3.014621892367179E+00 3.040719200745664E+00 2.137997363973750E-04 1.658053309365669E-03 2.972395560410115E+00 3.082945532702728E+00 1.105499722926129E-01 1.618033988780240E+00 
12       2.998492868788600E+00 3.014621892367179E+00 2.271444488376377E-06 2.137997363973750E-04 2.972395560410115E+00 3.040719200745664E+00 6.832364033554894E-02 1.618033988670441E+00 
13       2.988524583988694E+00 2.998492868788600E+00 1.316851726325324E-04 2.271444488376377E-06 2.972395560410115E+00 3.014621892367179E+00 4.222633195706438E-02 1.618033988957891E+00 
14       2.998492868788600E+00 3.004653607567274E+00 2.271444488376377E-06 2.165606339018631E-05 2.988524583988694E+00 3.014621892367179E+00 2.609730837848501E-02 1.618033988205327E+00 
15       2.994685322767368E+00 2.998492868788600E+00 2.824579408705709E-05 2.271444488376377E-06 2.988524583988694E+00 3.004653607567274E+00 1.612902357857937E-02 1.618033990175593E+00 
16       2.998492868788600E+00 3.000846061546042E+00 2.271444488376377E-06 7.158201396905071E-07 2.994685322767368E+00 3.004653607567274E+00 9.968284799905636E-03 1.618033985017368E+00 
17       3.000846061546042E+00 3.002300414809832E+00 7.158201396905071E-07 5.291908297293411E-06 2.998492868788600E+00 3.004653607567274E+00 6.160738778673736E-03 1.618033998521777E+00 
18       2.999947222052390E+00 3.000846061546042E+00 2.785511753882289E-09 7.158201396905071E-07 2.998492868788600E+00 3.002300414809832E+00 3.807546021231900E-03 1.618033963166775E+00 
19       2.999391708282251E+00 2.999947222052390E+00 3.700188138817710E-07 2.785511753882289E-09 2.998492868788600E+00 3.000846061546042E+00 2.353192757441835E-03 1.618034055727376E+00 
20       2.999947222052390E+00 3.000290547775903E+00 2.785511753882289E-09 8.441801008191189E-08 2.999391708282251E+00 3.000846061546042E+00 1.454353263790509E-03 1.618033813400098E+00 
21       2.999735034005763E+00 2.999947222052390E+00 7.020697810181292E-08 2.785511753882289E-09 2.999391708282251E+00 3.000290547775903E+00 8.988394936513266E-04 1.618034447821753E+00 
22       2.999947222052390E+00 3.000078359729276E+00 2.785511753882289E-09 6.140247172129834E-09 2.999735034005763E+00 3.000290547775903E+00 5.555137701391821E-04 1.618032786885059E+00 
23       2.999866171682648E+00 2.999947222052390E+00 1.791001852514355E-08 2.785511753882289E-09 2.999735034005763E+00 3.000078359729276E+00 3.433257235121445E-04 1.618037135279005E+00 
24       2.999947222052390E+00 2.999997309359534E+00 2.785511753882289E-09 7.239546117198339E-12 2.999866171682648E+00 3.000078359729276E+00 2.121880466270376E-04 1.618025751071677E+00 
25       2.999997309359534E+00 3.000028272422132E+00 7.239546117198339E-12 7.993298532032666E-10 2.999947222052390E+00 3.000078359729276E+00 1.311376768851069E-04 1.618055555558918E+00 
26       2.999978185114988E+00 2.999997309359534E+00 4.758892080754145E-10 7.239546117198339E-12 2.999947222052390E+00 3.000028272422132E+00 8.105036974148661E-05 1.617977528089949E+00 
27       2.999997309359534E+00 3.000009148177586E+00 7.239546117198339E-12 8.368915314731366E-11 2.999978185114988E+00 3.000028272422132E+00 5.008730714362031E-05 1.618181818181657E+00 
28       2.999990023933040E+00 2.999997309359534E+00 9.952191198296471E-11 7.239546117198339E-12 2.999978185114988E+00 3.000009148177586E+00 3.096306259786630E-05 1.617647058823951E+00 
29       2.999997309359534E+00 3.000001862751092E+00 7.239546117198339E-12 3.469841632554532E-12 2.999990023933040E+00 3.000009148177586E+00 1.912424454575401E-05 1.619047619046513E+00 
30       3.000001862751092E+00 3.000004594786028E+00 3.469841632554532E-12 2.111205863994541E-11 2.999997309359534E+00 3.000009148177586E+00 1.183881805211229E-05 1.615384615387501E+00 
31       3.000000041394469E+00 3.000001862751092E+00 1.713502079167374E-15 3.469841632554532E-12 2.999997309359534E+00 3.000004594786028E+00 7.285426493641722E-06 1.624999999992381E+00 
32       2.999999130716157E+00 3.000000041394469E+00 7.556543991549915E-13 1.713502079167374E-15 2.999997309359534E+00 3.000001862751092E+00 4.553391558470565E-06 1.600000000019506E+00 
33       3.000000041394469E+00 3.000000952072781E+00 1.713502079167374E-15 9.064425795848890E-13 2.999999130716157E+00 3.000001862751092E+00 2.732034935171157E-06 1.666666666612484E+00 
34       3.000000041394469E+00 3.000000496733625E+00 1.713502079167374E-15 2.467442941058449E-13 3.000000041394469E+00 3.000000952072781E+00 9.106783114276595E-07 3.000000000975293E+00 
точка: 3.000000496733625E+00

количетсво вычислений функции: 36 

eps = 1.0E-07
Итерация x1                    x2                    f1                    f2                    a                     b                     Длина отрезка        Отношение длин
1        3.193495504995372E+00 6.403252247502314E+00 3.744051045341409E-02 1.158212586012955E+01 -2.000000000000000E+00 1.159674775249769E+01 1.359674775249769E+01 0.000000000000000E+00 
2        1.209756742506939E+00 3.193495504995372E+00 3.204970920999366E+00 3.744051045341409E-02 -2.000000000000000E+00 6.403252247502314E+00 8.403252247502314E+00 1.618033988749895E+00 
3        3.193495504995372E+00 4.419513485013880E+00 3.744051045341409E-02 2.015018534136251E+00 1.209756742506939E+00 6.403252247502314E+00 5.193495504995375E+00 1.618033988749894E+00 
4        2.435774722525445E+00 3.193495504995372E+00 3.183501637412384E-01 3.744051045341409E-02 1.209756742506939E+00 4.419513485013880E+00 3.209756742506941E+00 1.618033988749895E+00 
5        3.193495504995372E+00 3.661792702543952E+00 3.744051045341409E-02 4.379695811404272E-01 2.435774722525445E+00 4.419513485013880E+00 1.983738762488435E+00 1.618033988749894E+00 
6        2.904071920074023E+00 3.193495504995372E+00 9.202196518284666E-03 3.744051045341409E-02 2.435774722525445E+00 3.661792702543952E+00 1.226017980018506E+00 1.618033988749896E+00 
7        2.725198307446796E+00 2.904071920074023E+00 7.551597023010576E-02 9.202196518284666E-03 2.435774722525445E+00 3.193495504995372E+00 7.577207824699270E-01 1.618033988749894E+00 
8        2.904071920074023E+00 3.014621892368146E+00 9.202196518284666E-03 2.137997364256604E-04 2.725198307446796E+00 3.193495504995372E+00 4.682971975485763E-01 1.618033988749909E+00 
9        3.014621892368146E+00 3.082945532701248E+00 2.137997364256604E-04 6.879961395093810E-03 2.904071920074023E+00 3.193495504995372E+00 2.894235849213493E-01 1.618033988749866E+00 
10       2.972395560407123E+00 3.014621892368146E+00 7.620050852367680E-04 2.137997364256604E-04 2.904071920074023E+00 3.082945532701248E+00 1.788736126272252E-01 1.618033988749987E+00 
11       3.014621892368146E+00 3.040719200740225E+00 2.137997364256604E-04 1.658053308922709E-03 2.972395560407123E+00 3.082945532701248E+00 1.105499722941246E-01 1.618033988749646E+00 
12       2.998492868779201E+00 3.014621892368146E+00 2.271444516707876E-06 2.137997364256604E-04 2.972395560407123E+00 3.040719200740225E+00 6.832364033310112E-02 1.618033988750535E+00 
13       2.988524583996070E+00 2.998492868779201E+00 1.316851724632600E-04 2.271444516707876E-06 2.972395560407123E+00 3.014621892368146E+00 4.222633196102299E-02 1.618033988748235E+00 
14       2.998492868779201E+00 3.004653607585016E+00 2.271444516707876E-06 2.165606355531727E-05 2.988524583996070E+00 3.014621892368146E+00 2.609730837207680E-02 1.618033988754322E+00 
15       2.994685322801885E+00 2.998492868779201E+00 2.824579372016071E-05 2.271444516707876E-06 2.988524583996070E+00 3.004653607585016E+00 1.612902358894619E-02 1.618033988738304E+00 
16       2.998492868779201E+00 3.000846061607701E+00 2.271444516707876E-06 7.158202440253354E-07 2.994685322801885E+00 3.004653607585016E+00 9.968284783130610E-03 1.618033988780240E+00 
17       3.000846061607701E+00 3.002300414756515E+00 7.158202440253354E-07 5.291908051993454E-06 2.998492868779201E+00 3.004653607585016E+00 6.160738805815136E-03 1.618033988670567E+00 
18       2.999947221928015E+00 3.000846061607701E+00 2.785524882477767E-09 7.158202440253354E-07 2.998492868779201E+00 3.002300414756515E+00 3.807545977314586E-03 1.618033988957955E+00 
19       2.999391708458887E+00 2.999947221928015E+00 3.700185989898632E-07 2.785524882477767E-09 2.998492868779201E+00 3.000846061607701E+00 2.353192828500106E-03 1.618033988205491E+00 
20       2.999947221928015E+00 3.000290548138573E+00 2.785524882477767E-09 8.441822082816373E-08 2.999391708458887E+00 3.000846061607701E+00 1.454353148814036E-03 1.618033990175657E+00 
21       2.999735034669445E+00 2.999947221928015E+00 7.020662639616768E-08 2.785524882477767E-09 2.999391708458887E+00 3.000290548138573E+00 8.988396796860698E-04 1.618033985017201E+00 
22       2.999947221928015E+00 3.000078360880003E+00 2.785524882477767E-09 6.140427514777231E-09 2.999735034669445E+00 3.000290548138573E+00 5.555134691279662E-04 1.618033998522214E+00 
23       2.999866173621433E+00 2.999947221928015E+00 1.790949960043620E-08 2.785524882477767E-09 2.999735034669445E+00 3.000078360880003E+00 3.433262105576596E-04 1.618033963167723E+00 
24       2.999947221928015E+00 2.999997312573421E+00 2.785524882477767E-09 7.222261620177092E-12 2.999866173621433E+00 3.000078360880003E+00 2.121872585698625E-04 1.618034055728278E+00 
25       2.999997312573421E+00 3.000028270234597E+00 7.222261620177092E-12 7.992061641854139E-10 2.999947221928015E+00 3.000078360880003E+00 1.311389519877970E-04 1.618033813398229E+00 
26       2.999978179589192E+00 2.999997312573421E+00 4.761303278494580E-10 7.222261620177092E-12 2.999947221928015E+00 3.000028270234597E+00 8.104830658250961E-05 1.618034447817779E+00 
27       2.999997312573421E+00 3.000009137250368E+00 7.222261620177092E-12 8.348934429353894E-11 2.999978179589192E+00 3.000028270234597E+00 5.009064540573149E-05 1.618032786881118E+00 
28       2.999990004266140E+00 2.999997312573421E+00 9.991469540354320E-11 7.222261620177092E-12 2.999978179589192E+00 3.000009137250368E+00 3.095766117677812E-05 1.618037135289321E+00 
29       2.999997312573421E+00 3.000001828943088E+00 7.222261620177092E-12 3.345032819468962E-12 2.999990004266140E+00 3.000009137250368E+00 1.913298422850929E-05 1.618025751082226E+00 
30       3.000001828943088E+00 3.000004620880701E+00 3.345032819468962E-12 2.135253845052027E-11 2.999997312573421E+00 3.000009137250368E+00 1.182467694782474E-05 1.618055555592068E+00 
31       3.000000104511033E+00 3.000001828943088E+00 1.092255605238033E-14 3.345032819468962E-12 2.999997312573421E+00 3.000004620880701E+00 7.308307280240456E-06 1.617977528092619E+00 
32       2.999999037005475E+00 3.000000104511033E+00 9.273584543461212E-13 1.092255605238033E-14 2.999997312573421E+00 3.000001828943088E+00 4.516369667584286E-06 1.618181818174667E+00 
33       3.000000104511033E+00 3.000000761437530E+00 1.092255605238033E-14 5.797871126423567E-13 2.999999037005475E+00 3.000001828943088E+00 2.791937612656170E-06 1.617647058842242E+00 
34       2.999999693931973E+00 3.000000104511033E+00 9.367763737632068E-14 1.092255605238033E-14 2.999999037005475E+00 3.000000761437530E+00 1.724432054928116E-06 1.619047618998566E+00 
35       3.000000104511033E+00 3.000000350858470E+00 1.092255605238033E-14 1.231016658536038E-13 2.999999693931973E+00 3.000000761437530E+00 1.067505557728055E-06 1.615384615512617E+00 
36       2.999999940279409E+00 3.000000104511033E+00 3.566549005993034E-15 1.092255605238033E-14 2.999999693931973E+00 3.000000350858470E+00 6.569264972000610E-07 1.624999999661995E+00 
37       2.999999858163597E+00 2.999999940279409E+00 2.011756523497739E-14 3.566549005993034E-15 2.999999693931973E+00 3.000000104511033E+00 4.105790605279935E-07 1.600000000865293E+00 
38       2.999999940279409E+00 3.000000022395221E+00 3.566549005993034E-15 5.015459340768180E-16 2.999999858163597E+00 3.000000104511033E+00 2.463474362279783E-07 1.666666667267565E+00 
39       3.000000022395221E+00 3.000000063453127E+00 5.015459340768180E-16 4.026299351081426E-15 3.000000022395221E+00 3.000000104511033E+00 8.211581192796302E-08 3.000000005408084E+00 
точка: 3.000000063453127E+00

количетсво вычислений функции: 41 

