eps = 1.0E-01
Итерация x1                    x2                    f1                    f2                    a                     b                     Длина отрезка        Отношение длин
1        3.193495504995373E+00 6.403252247502312E+00 3.744051045341443E-02 1.158212586012954E+01 -2.000000000000000E+00 1.159674775249769E+01 1.359674775249769E+01 0.000000000000000E+00 
2        1.209756742506939E+00 3.193495504995373E+00 3.204970920999366E+00 3.744051045341443E-02 -2.000000000000000E+00 6.403252247502312E+00 8.403252247502312E+00 1.618033988749895E+00 
3        3.193495504995373E+00 4.419513485013879E+00 3.744051045341443E-02 2.015018534136249E+00 1.209756742506939E+00 6.403252247502312E+00 5.193495504995373E+00 1.618033988749895E+00 
4        2.435774722525446E+00 3.193495504995373E+00 3.183501637412379E-01 3.744051045341443E-02 1.209756742506939E+00 4.419513485013879E+00 3.209756742506940E+00 1.618033988749895E+00 
5        3.193495504995373E+00 3.661792702543953E+00 3.744051045341443E-02 4.379695811404284E-01 2.435774722525446E+00 4.419513485013879E+00 1.983738762488434E+00 1.618033988749895E+00 
6        2.904071920074026E+00 3.193495504995373E+00 9.202196518284069E-03 3.744051045341443E-02 2.435774722525446E+00 3.661792702543953E+00 1.226017980018507E+00 1.618033988749895E+00 
7        2.725198307446792E+00 2.904071920074026E+00 7.551597023010771E-02 9.202196518284069E-03 2.435774722525446E+00 3.193495504995373E+00 7.577207824699275E-01 1.618033988749893E+00 
8        2.904071920074026E+00 3.014621892368139E+00 9.202196518284069E-03 2.137997364254526E-04 2.725198307446792E+00 3.193495504995373E+00 4.682971975485808E-01 1.618033988749894E+00 
9        3.014621892368139E+00 3.082945532701260E+00 2.137997364254526E-04 6.879961395095799E-03 2.904071920074026E+00 3.193495504995373E+00 2.894235849213471E-01 1.618033988749893E+00 
10       2.972395560407147E+00 3.014621892368139E+00 7.620050852354686E-04 2.137997364254526E-04 2.904071920074026E+00 3.082945532701260E+00 1.788736126272341E-01 1.618033988749895E+00 
точка: 2.993508726387643E+00

количетсво вычислений функции: 12 

eps = 1.0E-02
Итерация x1                    x2                    f1                    f2                    a                     b                     Длина отрезка        Отношение длин
1        3.193495504995373E+00 6.403252247502312E+00 3.744051045341443E-02 1.158212586012954E+01 -2.000000000000000E+00 1.159674775249769E+01 1.359674775249769E+01 0.000000000000000E+00 
2        1.209756742506939E+00 3.193495504995373E+00 3.204970920999366E+00 3.744051045341443E-02 -2.000000000000000E+00 6.403252247502312E+00 8.403252247502312E+00 1.618033988749895E+00 
3        3.193495504995373E+00 4.419513485013879E+00 3.744051045341443E-02 2.015018534136249E+00 1.209756742506939E+00 6.403252247502312E+00 5.193495504995373E+00 1.618033988749895E+00 
4        2.435774722525446E+00 3.193495504995373E+00 3.183501637412379E-01 3.744051045341443E-02 1.209756742506939E+00 4.419513485013879E+00 3.209756742506940E+00 1.618033988749895E+00 
5        3.193495504995373E+00 3.661792702543953E+00 3.744051045341443E-02 4.379695811404284E-01 2.435774722525446E+00 4.419513485013879E+00 1.983738762488434E+00 1.618033988749895E+00 
6        2.904071920074026E+00 3.193495504995373E+00 9.202196518284069E-03 3.744051045341443E-02 2.435774722525446E+00 3.661792702543953E+00 1.226017980018507E+00 1.618033988749895E+00 
7        2.725198307446792E+00 2.904071920074026E+00 7.551597023010771E-02 9.202196518284069E-03 2.435774722525446E+00 3.193495504995373E+00 7.577207824699275E-01 1.618033988749893E+00 
8        2.904071920074026E+00 3.014621892368139E+00 9.202196518284069E-03 2.137997364254526E-04 2.725198307446792E+00 3.193495504995373E+00 4.682971975485808E-01 1.618033988749894E+00 
9        3.014621892368139E+00 3.082945532701260E+00 2.137997364254526E-04 6.879961395095799E-03 2.904071920074026E+00 3.193495504995373E+00 2.894235849213471E-01 1.618033988749893E+00 
10       2.972395560407147E+00 3.014621892368139E+00 7.620050852354686E-04 2.137997364254526E-04 2.904071920074026E+00 3.082945532701260E+00 1.788736126272341E-01 1.618033988749895E+00 
11       3.014621892368139E+00 3.040719200740268E+00 2.137997364254526E-04 1.658053308926253E-03 2.972395560407147E+00 3.082945532701260E+00 1.105499722941130E-01 1.618033988749896E+00 
12       2.998492868779276E+00 3.014621892368139E+00 2.271444516480314E-06 2.137997364254526E-04 2.972395560407147E+00 3.040719200740268E+00 6.832364033312111E-02 1.618033988749893E+00 
13       2.988524583996010E+00 2.998492868779276E+00 1.316851724646258E-04 2.271444516480314E-06 2.972395560407147E+00 3.014621892368139E+00 4.222633196099235E-02 1.618033988749883E+00 
14       2.998492868779276E+00 3.004653607584873E+00 2.271444516480314E-06 2.165606355399050E-05 2.988524583996010E+00 3.014621892368139E+00 2.609730837212920E-02 1.618033988749899E+00 
15       2.994685322801607E+00 2.998492868779276E+00 2.824579372311567E-05 2.271444516480314E-06 2.988524583996010E+00 3.004653607584873E+00 1.612902358886315E-02 1.618033988749884E+00 
точка: 2.996589095790442E+00

количетсво вычислений функции: 17 

eps = 1.0E-03
Итерация x1                    x2                    f1                    f2                    a                     b                     Длина отрезка        Отношение длин
1        3.193495504995373E+00 6.403252247502312E+00 3.744051045341443E-02 1.158212586012954E+01 -2.000000000000000E+00 1.159674775249769E+01 1.359674775249769E+01 0.000000000000000E+00 
2        1.209756742506939E+00 3.193495504995373E+00 3.204970920999366E+00 3.744051045341443E-02 -2.000000000000000E+00 6.403252247502312E+00 8.403252247502312E+00 1.618033988749895E+00 
3        3.193495504995373E+00 4.419513485013879E+00 3.744051045341443E-02 2.015018534136249E+00 1.209756742506939E+00 6.403252247502312E+00 5.193495504995373E+00 1.618033988749895E+00 
4        2.435774722525446E+00 3.193495504995373E+00 3.183501637412379E-01 3.744051045341443E-02 1.209756742506939E+00 4.419513485013879E+00 3.209756742506940E+00 1.618033988749895E+00 
5        3.193495504995373E+00 3.661792702543953E+00 3.744051045341443E-02 4.379695811404284E-01 2.435774722525446E+00 4.419513485013879E+00 1.983738762488434E+00 1.618033988749895E+00 
6        2.904071920074026E+00 3.193495504995373E+00 9.202196518284069E-03 3.744051045341443E-02 2.435774722525446E+00 3.661792702543953E+00 1.226017980018507E+00 1.618033988749895E+00 
7        2.725198307446792E+00 2.904071920074026E+00 7.551597023010771E-02 9.202196518284069E-03 2.435774722525446E+00 3.193495504995373E+00 7.577207824699275E-01 1.618033988749893E+00 
8        2.904071920074026E+00 3.014621892368139E+00 9.202196518284069E-03 2.137997364254526E-04 2.725198307446792E+00 3.193495504995373E+00 4.682971975485808E-01 1.618033988749894E+00 
9        3.014621892368139E+00 3.082945532701260E+00 2.137997364254526E-04 6.879961395095799E-03 2.904071920074026E+00 3.193495504995373E+00 2.894235849213471E-01 1.618033988749893E+00 
10       2.972395560407147E+00 3.014621892368139E+00 7.620050852354686E-04 2.137997364254526E-04 2.904071920074026E+00 3.082945532701260E+00 1.788736126272341E-01 1.618033988749895E+00 
11       3.014621892368139E+00 3.040719200740268E+00 2.137997364254526E-04 1.658053308926253E-03 2.972395560407147E+00 3.082945532701260E+00 1.105499722941130E-01 1.618033988749896E+00 
12       2.998492868779276E+00 3.014621892368139E+00 2.271444516480314E-06 2.137997364254526E-04 2.972395560407147E+00 3.040719200740268E+00 6.832364033312111E-02 1.618033988749893E+00 
13       2.988524583996010E+00 2.998492868779276E+00 1.316851724646258E-04 2.271444516480314E-06 2.972395560407147E+00 3.014621892368139E+00 4.222633196099235E-02 1.618033988749883E+00 
14       2.998492868779276E+00 3.004653607584873E+00 2.271444516480314E-06 2.165606355399050E-05 2.988524583996010E+00 3.014621892368139E+00 2.609730837212920E-02 1.618033988749899E+00 
15       2.994685322801607E+00 2.998492868779276E+00 2.824579372311567E-05 2.271444516480314E-06 2.988524583996010E+00 3.004653607584873E+00 1.612902358886315E-02 1.618033988749884E+00 
16       2.998492868779276E+00 3.000846061607204E+00 2.271444516480314E-06 7.158202431844587E-07 2.994685322801607E+00 3.004653607584873E+00 9.968284783266057E-03 1.618033988749924E+00 
17       3.000846061607204E+00 3.002300414756946E+00 7.158202431844587E-07 5.291908053973294E-06 2.998492868779276E+00 3.004653607584873E+00 6.160738805597088E-03 1.618033988749820E+00 
18       2.999947221929018E+00 3.000846061607204E+00 2.785524776584106E-09 7.158202431844587E-07 2.998492868779276E+00 3.002300414756946E+00 3.807545977669413E-03 1.618033988749902E+00 
19       2.999391708457462E+00 2.999947221929018E+00 3.700186007230539E-07 2.785524776584106E-09 2.998492868779276E+00 3.000846061607204E+00 2.353192827927675E-03 1.618033988749875E+00 
20       2.999947221929018E+00 3.000290548135648E+00 2.785524776584106E-09 8.441821912858988E-08 2.999391708457462E+00 3.000846061607204E+00 1.454353149741738E-03 1.618033988749948E+00 
точка: 3.000118885032333E+00

количетсво вычислений функции: 22 

eps = 1.0E-04
Итерация x1                    x2                    f1                    f2                    a                     b                     Длина отрезка        Отношение длин
1        3.193495504995373E+00 6.403252247502312E+00 3.744051045341443E-02 1.158212586012954E+01 -2.000000000000000E+00 1.159674775249769E+01 1.359674775249769E+01 0.000000000000000E+00 
2        1.209756742506939E+00 3.193495504995373E+00 3.204970920999366E+00 3.744051045341443E-02 -2.000000000000000E+00 6.403252247502312E+00 8.403252247502312E+00 1.618033988749895E+00 
3        3.193495504995373E+00 4.419513485013879E+00 3.744051045341443E-02 2.015018534136249E+00 1.209756742506939E+00 6.403252247502312E+00 5.193495504995373E+00 1.618033988749895E+00 
4        2.435774722525446E+00 3.193495504995373E+00 3.183501637412379E-01 3.744051045341443E-02 1.209756742506939E+00 4.419513485013879E+00 3.209756742506940E+00 1.618033988749895E+00 
5        3.193495504995373E+00 3.661792702543953E+00 3.744051045341443E-02 4.379695811404284E-01 2.435774722525446E+00 4.419513485013879E+00 1.983738762488434E+00 1.618033988749895E+00 
6        2.904071920074026E+00 3.193495504995373E+00 9.202196518284069E-03 3.744051045341443E-02 2.435774722525446E+00 3.661792702543953E+00 1.226017980018507E+00 1.618033988749895E+00 
7        2.725198307446792E+00 2.904071920074026E+00 7.551597023010771E-02 9.202196518284069E-03 2.435774722525446E+00 3.193495504995373E+00 7.577207824699275E-01 1.618033988749893E+00 
8        2.904071920074026E+00 3.014621892368139E+00 9.202196518284069E-03 2.137997364254526E-04 2.725198307446792E+00 3.193495504995373E+00 4.682971975485808E-01 1.618033988749894E+00 
9        3.014621892368139E+00 3.082945532701260E+00 2.137997364254526E-04 6.879961395095799E-03 2.904071920074026E+00 3.193495504995373E+00 2.894235849213471E-01 1.618033988749893E+00 
10       2.972395560407147E+00 3.014621892368139E+00 7.620050852354686E-04 2.137997364254526E-04 2.904071920074026E+00 3.082945532701260E+00 1.788736126272341E-01 1.618033988749895E+00 
11       3.014621892368139E+00 3.040719200740268E+00 2.137997364254526E-04 1.658053308926253E-03 2.972395560407147E+00 3.082945532701260E+00 1.105499722941130E-01 1.618033988749896E+00 
12       2.998492868779276E+00 3.014621892368139E+00 2.271444516480314E-06 2.137997364254526E-04 2.972395560407147E+00 3.040719200740268E+00 6.832364033312111E-02 1.618033988749893E+00 
13       2.988524583996010E+00 2.998492868779276E+00 1.316851724646258E-04 2.271444516480314E-06 2.972395560407147E+00 3.014621892368139E+00 4.222633196099235E-02 1.618033988749883E+00 
14       2.998492868779276E+00 3.004653607584873E+00 2.271444516480314E-06 2.165606355399050E-05 2.988524583996010E+00 3.014621892368139E+00 2.609730837212920E-02 1.618033988749899E+00 
15       2.994685322801607E+00 2.998492868779276E+00 2.824579372311567E-05 2.271444516480314E-06 2.988524583996010E+00 3.004653607584873E+00 1.612902358886315E-02 1.618033988749884E+00 
16       2.998492868779276E+00 3.000846061607204E+00 2.271444516480314E-06 7.158202431844587E-07 2.994685322801607E+00 3.004653607584873E+00 9.968284783266057E-03 1.618033988749924E+00 
17       3.000846061607204E+00 3.002300414756946E+00 7.158202431844587E-07 5.291908053973294E-06 2.998492868779276E+00 3.004653607584873E+00 6.160738805597088E-03 1.618033988749820E+00 
18       2.999947221929018E+00 3.000846061607204E+00 2.785524776584106E-09 7.158202431844587E-07 2.998492868779276E+00 3.002300414756946E+00 3.807545977669413E-03 1.618033988749902E+00 
19       2.999391708457462E+00 2.999947221929018E+00 3.700186007230539E-07 2.785524776584106E-09 2.998492868779276E+00 3.000846061607204E+00 2.353192827927675E-03 1.618033988749875E+00 
20       2.999947221929018E+00 3.000290548135648E+00 2.785524776584106E-09 8.441821912858988E-08 2.999391708457462E+00 3.000846061607204E+00 1.454353149741738E-03 1.618033988749948E+00 
21       2.999735034664092E+00 2.999947221929018E+00 7.020662923267841E-08 2.785524776584106E-09 2.999391708457462E+00 3.000290548135648E+00 8.988396781859365E-04 1.618033988749757E+00 
22       2.999947221929018E+00 3.000078360870722E+00 2.785524776584106E-09 6.140426060378662E-09 2.999735034664092E+00 3.000290548135648E+00 5.555134715558019E-04 1.618033988750257E+00 
23       2.999866173605796E+00 2.999947221929018E+00 1.790950378555695E-08 2.785524776584106E-09 2.999735034664092E+00 3.000078360870722E+00 3.433262066301346E-04 1.618033988748947E+00 
24       2.999947221929018E+00 2.999997312547500E+00 2.785524776584106E-09 7.222400937875453E-12 2.999866173605796E+00 3.000078360870722E+00 2.121872649261114E-04 1.618033988748989E+00 
25       2.999997312547500E+00 3.000028270252240E+00 7.222400937875453E-12 7.992071617165654E-10 2.999947221929018E+00 3.000078360870722E+00 1.311389417044673E-04 1.618033988746786E+00 
точка: 3.000012791399870E+00

количетсво вычислений функции: 27 

eps = 1.0E-05
Итерация x1                    x2                    f1                    f2                    a                     b                     Длина отрезка        Отношение длин
1        3.193495504995373E+00 6.403252247502312E+00 3.744051045341443E-02 1.158212586012954E+01 -2.000000000000000E+00 1.159674775249769E+01 1.359674775249769E+01 0.000000000000000E+00 
2        1.209756742506939E+00 3.193495504995373E+00 3.204970920999366E+00 3.744051045341443E-02 -2.000000000000000E+00 6.403252247502312E+00 8.403252247502312E+00 1.618033988749895E+00 
3        3.193495504995373E+00 4.419513485013879E+00 3.744051045341443E-02 2.015018534136249E+00 1.209756742506939E+00 6.403252247502312E+00 5.193495504995373E+00 1.618033988749895E+00 
4        2.435774722525446E+00 3.193495504995373E+00 3.183501637412379E-01 3.744051045341443E-02 1.209756742506939E+00 4.419513485013879E+00 3.209756742506940E+00 1.618033988749895E+00 
5        3.193495504995373E+00 3.661792702543953E+00 3.744051045341443E-02 4.379695811404284E-01 2.435774722525446E+00 4.419513485013879E+00 1.983738762488434E+00 1.618033988749895E+00 
6        2.904071920074026E+00 3.193495504995373E+00 9.202196518284069E-03 3.744051045341443E-02 2.435774722525446E+00 3.661792702543953E+00 1.226017980018507E+00 1.618033988749895E+00 
7        2.725198307446792E+00 2.904071920074026E+00 7.551597023010771E-02 9.202196518284069E-03 2.435774722525446E+00 3.193495504995373E+00 7.577207824699275E-01 1.618033988749893E+00 
8        2.904071920074026E+00 3.014621892368139E+00 9.202196518284069E-03 2.137997364254526E-04 2.725198307446792E+00 3.193495504995373E+00 4.682971975485808E-01 1.618033988749894E+00 
9        3.014621892368139E+00 3.082945532701260E+00 2.137997364254526E-04 6.879961395095799E-03 2.904071920074026E+00 3.193495504995373E+00 2.894235849213471E-01 1.618033988749893E+00 
10       2.972395560407147E+00 3.014621892368139E+00 7.620050852354686E-04 2.137997364254526E-04 2.904071920074026E+00 3.082945532701260E+00 1.788736126272341E-01 1.618033988749895E+00 
11       3.014621892368139E+00 3.040719200740268E+00 2.137997364254526E-04 1.658053308926253E-03 2.972395560407147E+00 3.082945532701260E+00 1.105499722941130E-01 1.618033988749896E+00 
12       2.998492868779276E+00 3.014621892368139E+00 2.271444516480314E-06 2.137997364254526E-04 2.972395560407147E+00 3.040719200740268E+00 6.832364033312111E-02 1.618033988749893E+00 
13       2.988524583996010E+00 2.998492868779276E+00 1.316851724646258E-04 2.271444516480314E-06 2.972395560407147E+00 3.014621892368139E+00 4.222633196099235E-02 1.618033988749883E+00 
14       2.998492868779276E+00 3.004653607584873E+00 2.271444516480314E-06 2.165606355399050E-05 2.988524583996010E+00 3.014621892368139E+00 2.609730837212920E-02 1.618033988749899E+00 
15       2.994685322801607E+00 2.998492868779276E+00 2.824579372311567E-05 2.271444516480314E-06 2.988524583996010E+00 3.004653607584873E+00 1.612902358886315E-02 1.618033988749884E+00 
16       2.998492868779276E+00 3.000846061607204E+00 2.271444516480314E-06 7.158202431844587E-07 2.994685322801607E+00 3.004653607584873E+00 9.968284783266057E-03 1.618033988749924E+00 
17       3.000846061607204E+00 3.002300414756946E+00 7.158202431844587E-07 5.291908053973294E-06 2.998492868779276E+00 3.004653607584873E+00 6.160738805597088E-03 1.618033988749820E+00 
18       2.999947221929018E+00 3.000846061607204E+00 2.785524776584106E-09 7.158202431844587E-07 2.998492868779276E+00 3.002300414756946E+00 3.807545977669413E-03 1.618033988749902E+00 
19       2.999391708457462E+00 2.999947221929018E+00 3.700186007230539E-07 2.785524776584106E-09 2.998492868779276E+00 3.000846061607204E+00 2.353192827927675E-03 1.618033988749875E+00 
20       2.999947221929018E+00 3.000290548135648E+00 2.785524776584106E-09 8.441821912858988E-08 2.999391708457462E+00 3.000846061607204E+00 1.454353149741738E-03 1.618033988749948E+00 
21       2.999735034664092E+00 2.999947221929018E+00 7.020662923267841E-08 2.785524776584106E-09 2.999391708457462E+00 3.000290548135648E+00 8.988396781859365E-04 1.618033988749757E+00 
22       2.999947221929018E+00 3.000078360870722E+00 2.785524776584106E-09 6.140426060378662E-09 2.999735034664092E+00 3.000290548135648E+00 5.555134715558019E-04 1.618033988750257E+00 
23       2.999866173605796E+00 2.999947221929018E+00 1.790950378555695E-08 2.785524776584106E-09 2.999735034664092E+00 3.000078360870722E+00 3.433262066301346E-04 1.618033988748947E+00 
24       2.999947221929018E+00 2.999997312547500E+00 2.785524776584106E-09 7.222400937875453E-12 2.999866173605796E+00 3.000078360870722E+00 2.121872649261114E-04 1.618033988748989E+00 
25       2.999997312547500E+00 3.000028270252240E+00 7.222400937875453E-12 7.992071617165654E-10 2.999947221929018E+00 3.000078360870722E+00 1.311389417044673E-04 1.618033988746786E+00 
26       2.999978179633758E+00 2.999997312547500E+00 4.761283829489773E-10 7.222400937875453E-12 2.999947221929018E+00 3.000028270252240E+00 8.104832322208821E-05 1.618033988749169E+00 
27       2.999997312547500E+00 3.000009137338497E+00 7.222400937875453E-12 8.349095481587036E-11 2.999978179633758E+00 3.000028270252240E+00 5.009061848237906E-05 1.618033988751796E+00 
28       2.999990004424755E+00 2.999997312547500E+00 9.991152448406870E-11 7.222400937875453E-12 2.999978179633758E+00 3.000009137338497E+00 3.095770473970916E-05 1.618033988744918E+00 
29       2.999997312547500E+00 3.000001829215751E+00 7.222400937875453E-12 3.346030264856889E-12 2.999990004424755E+00 3.000009137338497E+00 1.913291374266990E-05 1.618033988762925E+00 
точка: 2.999999570881626E+00

количетсво вычислений функции: 31 

eps = 1.0E-06
Итерация x1                    x2                    f1                    f2                    a                     b                     Длина отрезка        Отношение длин
1        3.193495504995373E+00 6.403252247502312E+00 3.744051045341443E-02 1.158212586012954E+01 -2.000000000000000E+00 1.159674775249769E+01 1.359674775249769E+01 0.000000000000000E+00 
2        1.209756742506939E+00 3.193495504995373E+00 3.204970920999366E+00 3.744051045341443E-02 -2.000000000000000E+00 6.403252247502312E+00 8.403252247502312E+00 1.618033988749895E+00 
3        3.193495504995373E+00 4.419513485013879E+00 3.744051045341443E-02 2.015018534136249E+00 1.209756742506939E+00 6.403252247502312E+00 5.193495504995373E+00 1.618033988749895E+00 
4        2.435774722525446E+00 3.193495504995373E+00 3.183501637412379E-01 3.744051045341443E-02 1.209756742506939E+00 4.419513485013879E+00 3.209756742506940E+00 1.618033988749895E+00 
5        3.193495504995373E+00 3.661792702543953E+00 3.744051045341443E-02 4.379695811404284E-01 2.435774722525446E+00 4.419513485013879E+00 1.983738762488434E+00 1.618033988749895E+00 
6        2.904071920074026E+00 3.193495504995373E+00 9.202196518284069E-03 3.744051045341443E-02 2.435774722525446E+00 3.661792702543953E+00 1.226017980018507E+00 1.618033988749895E+00 
7        2.725198307446792E+00 2.904071920074026E+00 7.551597023010771E-02 9.202196518284069E-03 2.435774722525446E+00 3.193495504995373E+00 7.577207824699275E-01 1.618033988749893E+00 
8        2.904071920074026E+00 3.014621892368139E+00 9.202196518284069E-03 2.137997364254526E-04 2.725198307446792E+00 3.193495504995373E+00 4.682971975485808E-01 1.618033988749894E+00 
9        3.014621892368139E+00 3.082945532701260E+00 2.137997364254526E-04 6.879961395095799E-03 2.904071920074026E+00 3.193495504995373E+00 2.894235849213471E-01 1.618033988749893E+00 
10       2.972395560407147E+00 3.014621892368139E+00 7.620050852354686E-04 2.137997364254526E-04 2.904071920074026E+00 3.082945532701260E+00 1.788736126272341E-01 1.618033988749895E+00 
11       3.014621892368139E+00 3.040719200740268E+00 2.137997364254526E-04 1.658053308926253E-03 2.972395560407147E+00 3.082945532701260E+00 1.105499722941130E-01 1.618033988749896E+00 
12       2.998492868779276E+00 3.014621892368139E+00 2.271444516480314E-06 2.137997364254526E-04 2.972395560407147E+00 3.040719200740268E+00 6.832364033312111E-02 1.618033988749893E+00 
13       2.988524583996010E+00 2.998492868779276E+00 1.316851724646258E-04 2.271444516480314E-06 2.972395560407147E+00 3.014621892368139E+00 4.222633196099235E-02 1.618033988749883E+00 
14       2.998492868779276E+00 3.004653607584873E+00 2.271444516480314E-06 2.165606355399050E-05 2.988524583996010E+00 3.014621892368139E+00 2.609730837212920E-02 1.618033988749899E+00 
15       2.994685322801607E+00 2.998492868779276E+00 2.824579372311567E-05 2.271444516480314E-06 2.988524583996010E+00 3.004653607584873E+00 1.612902358886315E-02 1.618033988749884E+00 
16       2.998492868779276E+00 3.000846061607204E+00 2.271444516480314E-06 7.158202431844587E-07 2.994685322801607E+00 3.004653607584873E+00 9.968284783266057E-03 1.618033988749924E+00 
17       3.000846061607204E+00 3.002300414756946E+00 7.158202431844587E-07 5.291908053973294E-06 2.998492868779276E+00 3.004653607584873E+00 6.160738805597088E-03 1.618033988749820E+00 
18       2.999947221929018E+00 3.000846061607204E+00 2.785524776584106E-09 7.158202431844587E-07 2.998492868779276E+00 3.002300414756946E+00 3.807545977669413E-03 1.618033988749902E+00 
19       2.999391708457462E+00 2.999947221929018E+00 3.700186007230539E-07 2.785524776584106E-09 2.998492868779276E+00 3.000846061607204E+00 2.353192827927675E-03 1.618033988749875E+00 
20       2.999947221929018E+00 3.000290548135648E+00 2.785524776584106E-09 8.441821912858988E-08 2.999391708457462E+00 3.000846061607204E+00 1.454353149741738E-03 1.618033988749948E+00 
21       2.999735034664092E+00 2.999947221929018E+00 7.020662923267841E-08 2.785524776584106E-09 2.999391708457462E+00 3.000290548135648E+00 8.988396781859365E-04 1.618033988749757E+00 
22       2.999947221929018E+00 3.000078360870722E+00 2.785524776584106E-09 6.140426060378662E-09 2.999735034664092E+00 3.000290548135648E+00 5.555134715558019E-04 1.618033988750257E+00 
23       2.999866173605796E+00 2.999947221929018E+00 1.790950378555695E-08 2.785524776584106E-09 2.999735034664092E+00 3.000078360870722E+00 3.433262066301346E-04 1.618033988748947E+00 
24       2.999947221929018E+00 2.999997312547500E+00 2.785524776584106E-09 7.222400937875453E-12 2.999866173605796E+00 3.000078360870722E+00 2.121872649261114E-04 1.618033988748989E+00 
25       2.999997312547500E+00 3.000028270252240E+00 7.222400937875453E-12 7.992071617165654E-10 2.999947221929018E+00 3.000078360870722E+00 1.311389417044673E-04 1.618033988746786E+00 
26       2.999978179633758E+00 2.999997312547500E+00 4.761283829489773E-10 7.222400937875453E-12 2.999947221929018E+00 3.000028270252240E+00 8.104832322208821E-05 1.618033988749169E+00 
27       2.999997312547500E+00 3.000009137338497E+00 7.222400937875453E-12 8.349095481587036E-11 2.999978179633758E+00 3.000028270252240E+00 5.009061848237906E-05 1.618033988751796E+00 
28       2.999990004424755E+00 2.999997312547500E+00 9.991152448406870E-11 7.222400937875453E-12 2.999978179633758E+00 3.000009137338497E+00 3.095770473970916E-05 1.618033988744918E+00 
29       2.999997312547500E+00 3.000001829215751E+00 7.222400937875453E-12 3.346030264856889E-12 2.999990004424755E+00 3.000009137338497E+00 1.913291374266990E-05 1.618033988762925E+00 
30       3.000001829215751E+00 3.000004620670246E+00 3.346030264856889E-12 2.135059352619405E-11 2.999997312547500E+00 3.000009137338497E+00 1.182479099703926E-05 1.618033988715782E+00 
31       3.000000104001995E+00 3.000001829215751E+00 1.081641505968754E-14 3.346030264856889E-12 2.999997312547500E+00 3.000004620670246E+00 7.308122746074730E-06 1.618033988740881E+00 
32       2.999999037761256E+00 3.000000104001995E+00 9.259034000616256E-13 1.081641505968754E-14 2.999997312547500E+00 3.000001829215751E+00 4.516668250964528E-06 1.618033988773492E+00 
33       3.000000104001995E+00 3.000000762975012E+00 1.081641505968754E-14 5.821308690257833E-13 2.999999037761256E+00 3.000001829215751E+00 2.791454495110202E-06 1.618033988688115E+00 
34       2.999999696734273E+00 3.000000104001995E+00 9.197010102315274E-14 1.081641505968754E-14 2.999999037761256E+00 3.000000762975012E+00 1.725213755854327E-06 1.618033988911636E+00 
точка: 2.999999900368134E+00

количетсво вычислений функции: 36 

eps = 1.0E-07
Итерация x1                    x2                    f1                    f2                    a                     b                     Длина отрезка        Отношение длин
1        3.193495504995373E+00 6.403252247502312E+00 3.744051045341443E-02 1.158212586012954E+01 -2.000000000000000E+00 1.159674775249769E+01 1.359674775249769E+01 0.000000000000000E+00 
2        1.209756742506939E+00 3.193495504995373E+00 3.204970920999366E+00 3.744051045341443E-02 -2.000000000000000E+00 6.403252247502312E+00 8.403252247502312E+00 1.618033988749895E+00 
3        3.193495504995373E+00 4.419513485013879E+00 3.744051045341443E-02 2.015018534136249E+00 1.209756742506939E+00 6.403252247502312E+00 5.193495504995373E+00 1.618033988749895E+00 
4        2.435774722525446E+00 3.193495504995373E+00 3.183501637412379E-01 3.744051045341443E-02 1.209756742506939E+00 4.419513485013879E+00 3.209756742506940E+00 1.618033988749895E+00 
5        3.193495504995373E+00 3.661792702543953E+00 3.744051045341443E-02 4.379695811404284E-01 2.435774722525446E+00 4.419513485013879E+00 1.983738762488434E+00 1.618033988749895E+00 
6        2.904071920074026E+00 3.193495504995373E+00 9.202196518284069E-03 3.744051045341443E-02 2.435774722525446E+00 3.661792702543953E+00 1.226017980018507E+00 1.618033988749895E+00 
7        2.725198307446792E+00 2.904071920074026E+00 7.551597023010771E-02 9.202196518284069E-03 2.435774722525446E+00 3.193495504995373E+00 7.577207824699275E-01 1.618033988749893E+00 
8        2.904071920074026E+00 3.014621892368139E+00 9.202196518284069E-03 2.137997364254526E-04 2.725198307446792E+00 3.193495504995373E+00 4.682971975485808E-01 1.618033988749894E+00 
9        3.014621892368139E+00 3.082945532701260E+00 2.137997364254526E-04 6.879961395095799E-03 2.904071920074026E+00 3.193495504995373E+00 2.894235849213471E-01 1.618033988749893E+00 
10       2.972395560407147E+00 3.014621892368139E+00 7.620050852354686E-04 2.137997364254526E-04 2.904071920074026E+00 3.082945532701260E+00 1.788736126272341E-01 1.618033988749895E+00 
11       3.014621892368139E+00 3.040719200740268E+00 2.137997364254526E-04 1.658053308926253E-03 2.972395560407147E+00 3.082945532701260E+00 1.105499722941130E-01 1.618033988749896E+00 
12       2.998492868779276E+00 3.014621892368139E+00 2.271444516480314E-06 2.137997364254526E-04 2.972395560407147E+00 3.040719200740268E+00 6.832364033312111E-02 1.618033988749893E+00 
13       2.988524583996010E+00 2.998492868779276E+00 1.316851724646258E-04 2.271444516480314E-06 2.972395560407147E+00 3.014621892368139E+00 4.222633196099235E-02 1.618033988749883E+00 
14       2.998492868779276E+00 3.004653607584873E+00 2.271444516480314E-06 2.165606355399050E-05 2.988524583996010E+00 3.014621892368139E+00 2.609730837212920E-02 1.618033988749899E+00 
15       2.994685322801607E+00 2.998492868779276E+00 2.824579372311567E-05 2.271444516480314E-06 2.988524583996010E+00 3.004653607584873E+00 1.612902358886315E-02 1.618033988749884E+00 
16       2.998492868779276E+00 3.000846061607204E+00 2.271444516480314E-06 7.158202431844587E-07 2.994685322801607E+00 3.004653607584873E+00 9.968284783266057E-03 1.618033988749924E+00 
17       3.000846061607204E+00 3.002300414756946E+00 7.158202431844587E-07 5.291908053973294E-06 2.998492868779276E+00 3.004653607584873E+00 6.160738805597088E-03 1.618033988749820E+00 
18       2.999947221929018E+00 3.000846061607204E+00 2.785524776584106E-09 7.158202431844587E-07 2.998492868779276E+00 3.002300414756946E+00 3.807545977669413E-03 1.618033988749902E+00 
19       2.999391708457462E+00 2.999947221929018E+00 3.700186007230539E-07 2.785524776584106E-09 2.998492868779276E+00 3.000846061607204E+00 2.353192827927675E-03 1.618033988749875E+00 
20       2.999947221929018E+00 3.000290548135648E+00 2.785524776584106E-09 8.441821912858988E-08 2.999391708457462E+00 3.000846061607204E+00 1.454353149741738E-03 1.618033988749948E+00 
21       2.999735034664092E+00 2.999947221929018E+00 7.020662923267841E-08 2.785524776584106E-09 2.999391708457462E+00 3.000290548135648E+00 8.988396781859365E-04 1.618033988749757E+00 
22       2.999947221929018E+00 3.000078360870722E+00 2.785524776584106E-09 6.140426060378662E-09 2.999735034664092E+00 3.000290548135648E+00 5.555134715558019E-04 1.618033988750257E+00 
23       2.999866173605796E+00 2.999947221929018E+00 1.790950378555695E-08 2.785524776584106E-09 2.999735034664092E+00 3.000078360870722E+00 3.433262066301346E-04 1.618033988748947E+00 
24       2.999947221929018E+00 2.999997312547500E+00 2.785524776584106E-09 7.222400937875453E-12 2.999866173605796E+00 3.000078360870722E+00 2.121872649261114E-04 1.618033988748989E+00 
25       2.999997312547500E+00 3.000028270252240E+00 7.222400937875453E-12 7.992071617165654E-10 2.999947221929018E+00 3.000078360870722E+00 1.311389417044673E-04 1.618033988746786E+00 
26       2.999978179633758E+00 2.999997312547500E+00 4.761283829489773E-10 7.222400937875453E-12 2.999947221929018E+00 3.000028270252240E+00 8.104832322208821E-05 1.618033988749169E+00 
27       2.999997312547500E+00 3.000009137338497E+00 7.222400937875453E-12 8.349095481587036E-11 2.999978179633758E+00 3.000028270252240E+00 5.009061848237906E-05 1.618033988751796E+00 
28       2.999990004424755E+00 2.999997312547500E+00 9.991152448406870E-11 7.222400937875453E-12 2.999978179633758E+00 3.000009137338497E+00 3.095770473970916E-05 1.618033988744918E+00 
29       2.999997312547500E+00 3.000001829215751E+00 7.222400937875453E-12 3.346030264856889E-12 2.999990004424755E+00 3.000009137338497E+00 1.913291374266990E-05 1.618033988762925E+00 
30       3.000001829215751E+00 3.000004620670246E+00 3.346030264856889E-12 2.135059352619405E-11 2.999997312547500E+00 3.000009137338497E+00 1.182479099703926E-05 1.618033988715782E+00 
31       3.000000104001995E+00 3.000001829215751E+00 1.081641505968754E-14 3.346030264856889E-12 2.999997312547500E+00 3.000004620670246E+00 7.308122746074730E-06 1.618033988740881E+00 
32       2.999999037761256E+00 3.000000104001995E+00 9.259034000616256E-13 1.081641505968754E-14 2.999997312547500E+00 3.000001829215751E+00 4.516668250964528E-06 1.618033988773492E+00 
33       3.000000104001995E+00 3.000000762975012E+00 1.081641505968754E-14 5.821308690257833E-13 2.999999037761256E+00 3.000001829215751E+00 2.791454495110202E-06 1.618033988688115E+00 
34       2.999999696734273E+00 3.000000104001995E+00 9.197010102315274E-14 1.081641505968754E-14 2.999999037761256E+00 3.000000762975012E+00 1.725213755854327E-06 1.618033988911636E+00 
35       3.000000104001995E+00 3.000000355707290E+00 1.081641505968754E-14 1.265276760490469E-13 2.999999696734273E+00 3.000000762975012E+00 1.066240738811786E-06 1.618033989000362E+00 
36       2.999999948439568E+00 3.000000104001995E+00 2.658478140189708E-15 1.081641505968754E-14 2.999999696734273E+00 3.000000355707290E+00 6.589730165984520E-07 1.618033989184574E+00 
37       2.999999852296701E+00 2.999999948439568E+00 2.181626464451328E-14 2.658478140189708E-15 2.999999696734273E+00 3.000000104001995E+00 4.072677222133336E-07 1.618033987611891E+00 
38       2.999999948439568E+00 3.000000007859128E+00 2.658478140189708E-15 6.176589315681739E-17 2.999999852296701E+00 3.000000104001995E+00 2.517052948292076E-07 1.618033988874495E+00 
39       3.000000007859128E+00 3.000000044582436E+00 6.176589315681739E-17 1.987593556991156E-15 2.999999948439568E+00 3.000000104001995E+00 1.555624273841261E-07 1.618033988423686E+00 
точка: 3.000000026220782E+00

количетсво вычислений функции: 41 

