eps: 0.001
 iter             x             y       f(x, y)            Sx            Sy        lambda |xk - x(k-1)| |yk - y(k-1)| |fk - f(k-1)|         angle                    gradient                                                       H
    1     0.6105877      2.315141    -1.1203725     6.0558407     19.253239     42.949673     0.6105877      2.315141    -1.1067862      2.685674                 -0.79227127 0.70442646
    2    0.54708763     2.1132562    -1.1669615    0.89941182   -0.13270334  -0.010485758   0.063500079     0.2018848  -0.046588959     83.878835                 -0.85816143 0.26385005
    3     2.9614278     1.7570333    -2.4332619     1.2352062    0.45011223     2.6843546     2.4143402    0.35622282    -1.2663004      10.65905                  0.64228642 -0.7271261
    4     2.8112378     1.7023037    -2.4662373   -0.48387798    0.84488904   -0.12159102    0.15018999   0.054729606  -0.032975398     88.603894                  0.26549629 -0.92446787
    5     2.6488753     1.9858015    -2.5933461   0.054682435   0.019999875    0.33554432    0.16236251    0.28349772   -0.12710882     16.768274                -0.036865521 -0.051109609
    6     2.6121786     1.9723798    -2.5942974    0.34561621    0.18657884   -0.67108864    0.03669676   0.013421689-0.00095130027     8.6932629                 -0.11032842 -0.10052329
    7     2.6146624     1.9737206     -2.594307   0.099459961   0.092341145  0.0071865869  0.0024838009   0.001340865-9.5522258e-06     5.8264809                  -0.1054546 -0.095577316
    8     2.6094326     1.9688652    -2.5943805    0.13231206    0.12874763  -0.052581527  0.0052297566  0.0048554384 -7.346351e-05     7.1825208                 -0.11576634 -0.11338617
    9      2.609017     1.9684607    -2.5943809    0.11776035    0.11601517 -0.0031416004  0.0004156716 0.00040447359-4.9306834e-07     7.5383266                  -0.1165843 -0.1148708
call_func: 531

eps: 0.0001
 iter             x             y       f(x, y)            Sx            Sy        lambda |xk - x(k-1)| |yk - y(k-1)| |fk - f(k-1)|         angle                    gradient                                                       H
    1     0.6105877      2.315141    -1.1203725     6.0558407     19.253239     42.949673     0.6105877      2.315141    -1.1067862      2.685674                 -0.79227127 0.70442646
    2    0.54708763     2.1132562    -1.1669615    0.89941182   -0.13270334  -0.010485758   0.063500079     0.2018848  -0.046588959     83.878835                 -0.85816143 0.26385005
    3     2.9614278     1.7570333    -2.4332619     1.2352062    0.45011223     2.6843546     2.4143402    0.35622282    -1.2663004      10.65905                  0.64228642 -0.7271261
    4     2.8112378     1.7023037    -2.4662373   -0.48387798    0.84488904   -0.12159102    0.15018999   0.054729606  -0.032975398     88.603894                  0.26549629 -0.92446787
    5     2.6488753     1.9858015    -2.5933461   0.054682435   0.019999875    0.33554432    0.16236251    0.28349772   -0.12710882     16.768274                -0.036865521 -0.051109609
    6     2.6121786     1.9723798    -2.5942974    0.34561621    0.18657884   -0.67108864    0.03669676   0.013421689-0.00095130027     8.6932629                 -0.11032842 -0.10052329
    7     2.6146624     1.9737206     -2.594307   0.099459961   0.092341145  0.0071865869  0.0024838009   0.001340865-9.5522258e-06     5.8264809                  -0.1054546 -0.095577316
    8     2.6094326     1.9688652    -2.5943805    0.13231206    0.12874763  -0.052581527  0.0052297566  0.0048554384 -7.346351e-05     7.1825208                 -0.11576634 -0.11338617
    9      2.609017     1.9684607    -2.5943809    0.11776035    0.11601517 -0.0031416004  0.0004156716 0.00040447359-4.9306834e-07     7.5383266                  -0.1165843 -0.1148708
   10     2.6089092     1.9683546     -2.594381    0.11709937    0.11555893-0.00091463758 0.00010770804 0.00010611183-3.3655982e-08     7.5870364                 -0.11679624 -0.11526028
   11     2.6088901     1.9683357     -2.594381    0.11688789    0.11538297-0.00016383925 1.9185473e-05 1.8933088e-05 -5.647478e-10     7.5952293                 -0.11683399 -0.11532978
call_func: 606

eps: 1e-05
 iter             x             y       f(x, y)            Sx            Sy        lambda |xk - x(k-1)| |yk - y(k-1)| |fk - f(k-1)|         angle                    gradient                                                       H
    1     0.6105877      2.315141    -1.1203725     6.0558407     19.253239     42.949673     0.6105877      2.315141    -1.1067862      2.685674                 -0.79227127 0.70442646
    2    0.54708763     2.1132562    -1.1669615    0.89941182   -0.13270334  -0.010485758   0.063500079     0.2018848  -0.046588959     83.878835                 -0.85816143 0.26385005
    3     2.9614278     1.7570333    -2.4332619     1.2352062    0.45011223     2.6843546     2.4143402    0.35622282    -1.2663004      10.65905                  0.64228642 -0.7271261
    4     2.8112378     1.7023037    -2.4662373   -0.48387798    0.84488904   -0.12159102    0.15018999   0.054729606  -0.032975398     88.603894                  0.26549629 -0.92446787
    5     2.6488753     1.9858015    -2.5933461   0.054682435   0.019999875    0.33554432    0.16236251    0.28349772   -0.12710882     16.768274                -0.036865521 -0.051109609
    6     2.6121786     1.9723798    -2.5942974    0.34561621    0.18657884   -0.67108864    0.03669676   0.013421689-0.00095130027     8.6932629                 -0.11032842 -0.10052329
    7     2.6146624     1.9737206     -2.594307   0.099459961   0.092341145  0.0071865869  0.0024838009   0.001340865-9.5522258e-06     5.8264809                  -0.1054546 -0.095577316
    8     2.6094326     1.9688652    -2.5943805    0.13231206    0.12874763  -0.052581527  0.0052297566  0.0048554384 -7.346351e-05     7.1825208                 -0.11576634 -0.11338617
    9      2.609017     1.9684607    -2.5943809    0.11776035    0.11601517 -0.0031416004  0.0004156716 0.00040447359-4.9306834e-07     7.5383266                  -0.1165843 -0.1148708
   10     2.6089092     1.9683546     -2.594381    0.11709937    0.11555893-0.00091463758 0.00010770804 0.00010611183-3.3655982e-08     7.5870364                 -0.11679624 -0.11526028
   11     2.6088901     1.9683357     -2.594381    0.11688789    0.11538297-0.00016383925 1.9185473e-05 1.8933088e-05 -5.647478e-10     7.5952293                 -0.11683399 -0.11532978
   12     2.6088925      1.968338     -2.594381    0.11682256    0.11531447 2.0477926e-05 2.3936214e-06 2.3628038e-06-1.2132073e-11     7.5942258                 -0.11682928 -0.11532111
call_func: 634

eps: 1e-06
 iter             x             y       f(x, y)            Sx            Sy        lambda |xk - x(k-1)| |yk - y(k-1)| |fk - f(k-1)|         angle                    gradient                                                       H
    1     0.6105877      2.315141    -1.1203725     6.0558407     19.253239     42.949673     0.6105877      2.315141    -1.1067862      2.685674                 -0.79227127 0.70442646
    2    0.54708763     2.1132562    -1.1669615    0.89941182   -0.13270334  -0.010485758   0.063500079     0.2018848  -0.046588959     83.878835                 -0.85816143 0.26385005
    3     2.9614278     1.7570333    -2.4332619     1.2352062    0.45011223     2.6843546     2.4143402    0.35622282    -1.2663004      10.65905                  0.64228642 -0.7271261
    4     2.8112378     1.7023037    -2.4662373   -0.48387798    0.84488904   -0.12159102    0.15018999   0.054729606  -0.032975398     88.603894                  0.26549629 -0.92446787
    5     2.6488753     1.9858015    -2.5933461   0.054682435   0.019999875    0.33554432    0.16236251    0.28349772   -0.12710882     16.768274                -0.036865521 -0.051109609
    6     2.6121786     1.9723798    -2.5942974    0.34561621    0.18657884   -0.67108864    0.03669676   0.013421689-0.00095130027     8.6932629                 -0.11032842 -0.10052329
    7     2.6146624     1.9737206     -2.594307   0.099459961   0.092341145  0.0071865869  0.0024838009   0.001340865-9.5522258e-06     5.8264809                  -0.1054546 -0.095577316
    8     2.6094326     1.9688652    -2.5943805    0.13231206    0.12874763  -0.052581527  0.0052297566  0.0048554384 -7.346351e-05     7.1825208                 -0.11576634 -0.11338617
    9      2.609017     1.9684607    -2.5943809    0.11776035    0.11601517 -0.0031416004  0.0004156716 0.00040447359-4.9306834e-07     7.5383266                  -0.1165843 -0.1148708
   10     2.6089092     1.9683546     -2.594381    0.11709937    0.11555893-0.00091463758 0.00010770804 0.00010611183-3.3655982e-08     7.5870364                 -0.11679624 -0.11526028
   11     2.6088901     1.9683357     -2.594381    0.11688789    0.11538297-0.00016383925 1.9185473e-05 1.8933088e-05 -5.647478e-10     7.5952293                 -0.11683399 -0.11532978
   12     2.6088925      1.968338     -2.594381    0.11682256    0.11531447 2.0477926e-05 2.3936214e-06 2.3628038e-06-1.2132073e-11     7.5942258                 -0.11682928 -0.11532111
   13     2.6088924      1.968338     -2.594381    0.11682939    0.11532126-2.0333333e-07  2.375392e-08 2.3447276e-08-1.7763568e-15     7.5942358                 -0.11682933 -0.11532119
call_func: 645

eps: 1e-07
 iter             x             y       f(x, y)            Sx            Sy        lambda |xk - x(k-1)| |yk - y(k-1)| |fk - f(k-1)|         angle                    gradient                                                       H
    1     0.6105877      2.315141    -1.1203725     6.0558407     19.253239     42.949673     0.6105877      2.315141    -1.1067862      2.685674                 -0.79227127 0.70442646
    2    0.54708763     2.1132562    -1.1669615    0.89941182   -0.13270334  -0.010485758   0.063500079     0.2018848  -0.046588959     83.878835                 -0.85816143 0.26385005
    3     2.9614278     1.7570333    -2.4332619     1.2352062    0.45011223     2.6843546     2.4143402    0.35622282    -1.2663004      10.65905                  0.64228642 -0.7271261
    4     2.8112378     1.7023037    -2.4662373   -0.48387798    0.84488904   -0.12159102    0.15018999   0.054729606  -0.032975398     88.603894                  0.26549629 -0.92446787
    5     2.6488753     1.9858015    -2.5933461   0.054682435   0.019999875    0.33554432    0.16236251    0.28349772   -0.12710882     16.768274                -0.036865521 -0.051109609
    6     2.6121786     1.9723798    -2.5942974    0.34561621    0.18657884   -0.67108864    0.03669676   0.013421689-0.00095130027     8.6932629                 -0.11032842 -0.10052329
    7     2.6146624     1.9737206     -2.594307   0.099459961   0.092341145  0.0071865869  0.0024838009   0.001340865-9.5522258e-06     5.8264809                  -0.1054546 -0.095577316
    8     2.6094326     1.9688652    -2.5943805    0.13231206    0.12874763  -0.052581527  0.0052297566  0.0048554384 -7.346351e-05     7.1825208                 -0.11576634 -0.11338617
    9      2.609017     1.9684607    -2.5943809    0.11776035    0.11601517 -0.0031416004  0.0004156716 0.00040447359-4.9306834e-07     7.5383266                  -0.1165843 -0.1148708
   10     2.6089092     1.9683546     -2.594381    0.11709937    0.11555893-0.00091463758 0.00010770804 0.00010611183-3.3655982e-08     7.5870364                 -0.11679624 -0.11526028
   11     2.6088901     1.9683357     -2.594381    0.11688789    0.11538297-0.00016383925 1.9185473e-05 1.8933088e-05 -5.647478e-10     7.5952293                 -0.11683399 -0.11532978
   12     2.6088925      1.968338     -2.594381    0.11682256    0.11531447 2.0477926e-05 2.3936214e-06 2.3628038e-06-1.2132073e-11     7.5942258                 -0.11682928 -0.11532111
   13     2.6088924      1.968338     -2.594381    0.11682939    0.11532126-2.0333333e-07  2.375392e-08 2.3447276e-08-1.7763568e-15     7.5942358                 -0.11682933 -0.11532119
call_func: 645

