eps: 0.001
 iter             x             y       f(x, y)            Sx            Sy        lambda |xk - x(k-1)| |yk - y(k-1)| |fk - f(k-1)|         angle                    gradient                                                       H
    1     0.6105877      2.315141    -1.1203725   0.014216353   0.053903576     42.949673     0.6105877      2.315141    -1.1067862             0                 -0.79227127 0.70442646                                               2.3014696 3.16650713.1665071 6.3018174
    2    0.56028982     2.0766813    -1.1864958   -0.40718314    -1.9304343    0.12352643   0.050297881    0.23845966  -0.066123298     176.81178                 -0.86514676 0.18161351                                               1.1955823 -0.070447301-0.070447301 0.46592867
    3     2.6162072     1.7908841    -2.5461463     1.0471483    -0.1455662     1.9633488     2.0559174    0.28579722    -1.3596505      42.30707                 -0.12603071 -0.72816365                                               2.8937778 0.0911434410.091143441 0.38818605
    4      2.760851     1.8895844    -2.5744706     0.4310722    0.29414984    0.33554432    0.14464383   0.098700309  -0.028324319   0.080183309                  0.19864708 -0.37752271                                              0.87937075 -0.40174523-0.40174523 0.65348349
    5     2.6513453     1.9991431    -2.5913001   -0.32635238    0.32651038    0.33554432    0.10950569     0.1095587  -0.016829541     97.969446                -0.031694882 -0.0030827167                                              0.46060501 -0.0091043304-0.0091043304 0.28699283
    6     2.6301945     1.9982777    -2.5917236   0.014570755  0.0005961569    -1.4515987    0.02115089 0.00086538059-0.00042345948     34.882652                -0.074447163 -0.0062380125                                               0.4948039 -0.000984335-0.000984335 0.28760003
    7     2.6296787     1.9982536    -2.5917239   0.036830607  0.0017207716  -0.014002887 0.00051573483 2.4095771e-05-2.5000152e-07     34.555675                -0.075474676 -0.0063263126                                              0.50203357 -0.001260961-0.001260961 0.2875584
call_func: 444
eps: 0.0001
 iter             x             y       f(x, y)            Sx            Sy        lambda |xk - x(k-1)| |yk - y(k-1)| |fk - f(k-1)|         angle                    gradient                                                       H
    1     0.6105877      2.315141    -1.1203725   0.014216353   0.053903576     42.949673     0.6105877      2.315141    -1.1067862             0                 -0.79227127 0.70442646                                               2.3014696 3.16650713.1665071 6.3018174
    2    0.56028982     2.0766813    -1.1864958   -0.40718314    -1.9304343    0.12352643   0.050297881    0.23845966  -0.066123298     176.81178                 -0.86514676 0.18161351                                               1.1955823 -0.070447301-0.070447301 0.46592867
    3     2.6162072     1.7908841    -2.5461463     1.0471483    -0.1455662     1.9633488     2.0559174    0.28579722    -1.3596505      42.30707                 -0.12603071 -0.72816365                                               2.8937778 0.0911434410.091143441 0.38818605
    4      2.760851     1.8895844    -2.5744706     0.4310722    0.29414984    0.33554432    0.14464383   0.098700309  -0.028324319   0.080183309                  0.19864708 -0.37752271                                              0.87937075 -0.40174523-0.40174523 0.65348349
    5     2.6513453     1.9991431    -2.5913001   -0.32635238    0.32651038    0.33554432    0.10950569     0.1095587  -0.016829541     97.969446                -0.031694882 -0.0030827167                                              0.46060501 -0.0091043304-0.0091043304 0.28699283
    6     2.6301945     1.9982777    -2.5917236   0.014570755  0.0005961569    -1.4515987    0.02115089 0.00086538059-0.00042345948     34.882652                -0.074447163 -0.0062380125                                               0.4948039 -0.000984335-0.000984335 0.28760003
    7     2.6296787     1.9982536    -2.5917239   0.036830607  0.0017207716  -0.014002887 0.00051573483 2.4095771e-05-2.5000152e-07     34.555675                -0.075474676 -0.0063263126                                              0.50203357 -0.001260961-0.001260961 0.2875584
    8     2.6297863     1.9982585    -2.5917239   0.037882844  0.0017240137  0.0028407144 0.00010761434 4.8974304e-06 -1.087663e-08     34.623917                -0.075260333 -0.0063083579                                              0.50216938 -0.0012391775-0.0012391775 0.2875601
    9     2.6297832     1.9982584    -2.5917239   0.037785617  0.0017207711-8.1917484e-05 3.0953027e-06 1.4096124e-07-7.2084561e-12     34.622159                -0.075266499 -0.0063088747                                              0.50213359 -0.0012389874-0.0012389874 0.28756019
call_func: 522
eps: 1e-05
 iter             x             y       f(x, y)            Sx            Sy        lambda |xk - x(k-1)| |yk - y(k-1)| |fk - f(k-1)|         angle                    gradient                                                       H
    1     0.6105877      2.315141    -1.1203725   0.014216353   0.053903576     42.949673     0.6105877      2.315141    -1.1067862             0                 -0.79227127 0.70442646                                               2.3014696 3.16650713.1665071 6.3018174
    2    0.56028982     2.0766813    -1.1864958   -0.40718314    -1.9304343    0.12352643   0.050297881    0.23845966  -0.066123298     176.81178                 -0.86514676 0.18161351                                               1.1955823 -0.070447301-0.070447301 0.46592867
    3     2.6162072     1.7908841    -2.5461463     1.0471483    -0.1455662     1.9633488     2.0559174    0.28579722    -1.3596505      42.30707                 -0.12603071 -0.72816365                                               2.8937778 0.0911434410.091143441 0.38818605
    4      2.760851     1.8895844    -2.5744706     0.4310722    0.29414984    0.33554432    0.14464383   0.098700309  -0.028324319   0.080183309                  0.19864708 -0.37752271                                              0.87937075 -0.40174523-0.40174523 0.65348349
    5     2.6513453     1.9991431    -2.5913001   -0.32635238    0.32651038    0.33554432    0.10950569     0.1095587  -0.016829541     97.969446                -0.031694882 -0.0030827167                                              0.46060501 -0.0091043304-0.0091043304 0.28699283
    6     2.6301945     1.9982777    -2.5917236   0.014570755  0.0005961569    -1.4515987    0.02115089 0.00086538059-0.00042345948     34.882652                -0.074447163 -0.0062380125                                               0.4948039 -0.000984335-0.000984335 0.28760003
    7     2.6296787     1.9982536    -2.5917239   0.036830607  0.0017207716  -0.014002887 0.00051573483 2.4095771e-05-2.5000152e-07     34.555675                -0.075474676 -0.0063263126                                              0.50203357 -0.001260961-0.001260961 0.2875584
    8     2.6297863     1.9982585    -2.5917239   0.037882844  0.0017240137  0.0028407144 0.00010761434 4.8974304e-06 -1.087663e-08     34.623917                -0.075260333 -0.0063083579                                              0.50216938 -0.0012391775-0.0012391775 0.2875601
    9     2.6297832     1.9982584    -2.5917239   0.037785617  0.0017207711-8.1917484e-05 3.0953027e-06 1.4096124e-07-7.2084561e-12     34.622159                -0.075266499 -0.0063088747                                              0.50213359 -0.0012389874-0.0012389874 0.28756019
call_func: 522
eps: 1e-06
 iter             x             y       f(x, y)            Sx            Sy        lambda |xk - x(k-1)| |yk - y(k-1)| |fk - f(k-1)|         angle                    gradient                                                       H
    1     0.6105877      2.315141    -1.1203725   0.014216353   0.053903576     42.949673     0.6105877      2.315141    -1.1067862             0                 -0.79227127 0.70442646                                               2.3014696 3.16650713.1665071 6.3018174
    2    0.56028982     2.0766813    -1.1864958   -0.40718314    -1.9304343    0.12352643   0.050297881    0.23845966  -0.066123298     176.81178                 -0.86514676 0.18161351                                               1.1955823 -0.070447301-0.070447301 0.46592867
    3     2.6162072     1.7908841    -2.5461463     1.0471483    -0.1455662     1.9633488     2.0559174    0.28579722    -1.3596505      42.30707                 -0.12603071 -0.72816365                                               2.8937778 0.0911434410.091143441 0.38818605
    4      2.760851     1.8895844    -2.5744706     0.4310722    0.29414984    0.33554432    0.14464383   0.098700309  -0.028324319   0.080183309                  0.19864708 -0.37752271                                              0.87937075 -0.40174523-0.40174523 0.65348349
    5     2.6513453     1.9991431    -2.5913001   -0.32635238    0.32651038    0.33554432    0.10950569     0.1095587  -0.016829541     97.969446                -0.031694882 -0.0030827167                                              0.46060501 -0.0091043304-0.0091043304 0.28699283
    6     2.6301945     1.9982777    -2.5917236   0.014570755  0.0005961569    -1.4515987    0.02115089 0.00086538059-0.00042345948     34.882652                -0.074447163 -0.0062380125                                               0.4948039 -0.000984335-0.000984335 0.28760003
    7     2.6296787     1.9982536    -2.5917239   0.036830607  0.0017207716  -0.014002887 0.00051573483 2.4095771e-05-2.5000152e-07     34.555675                -0.075474676 -0.0063263126                                              0.50203357 -0.001260961-0.001260961 0.2875584
    8     2.6297863     1.9982585    -2.5917239   0.037882844  0.0017240137  0.0028407144 0.00010761434 4.8974304e-06 -1.087663e-08     34.623917                -0.075260333 -0.0063083579                                              0.50216938 -0.0012391775-0.0012391775 0.2875601
    9     2.6297832     1.9982584    -2.5917239   0.037785617  0.0017207711-8.1917484e-05 3.0953027e-06 1.4096124e-07-7.2084561e-12     34.622159                -0.075266499 -0.0063088747                                              0.50213359 -0.0012389874-0.0012389874 0.28756019
   10     2.6297832     1.9982584    -2.5917239   0.037786021   0.001720927 2.3333333e-08 8.8167385e-10  4.015499e-11             0     34.621951                -0.075266497 -0.0063088745                                              0.50213464 -0.0012390883-0.0012390883 0.28756018
call_func: 526
eps: 1e-07
 iter             x             y       f(x, y)            Sx            Sy        lambda |xk - x(k-1)| |yk - y(k-1)| |fk - f(k-1)|         angle                    gradient                                                       H
    1     0.6105877      2.315141    -1.1203725   0.014216353   0.053903576     42.949673     0.6105877      2.315141    -1.1067862             0                 -0.79227127 0.70442646                                               2.3014696 3.16650713.1665071 6.3018174
    2    0.56028982     2.0766813    -1.1864958   -0.40718314    -1.9304343    0.12352643   0.050297881    0.23845966  -0.066123298     176.81178                 -0.86514676 0.18161351                                               1.1955823 -0.070447301-0.070447301 0.46592867
    3     2.6162072     1.7908841    -2.5461463     1.0471483    -0.1455662     1.9633488     2.0559174    0.28579722    -1.3596505      42.30707                 -0.12603071 -0.72816365                                               2.8937778 0.0911434410.091143441 0.38818605
    4      2.760851     1.8895844    -2.5744706     0.4310722    0.29414984    0.33554432    0.14464383   0.098700309  -0.028324319   0.080183309                  0.19864708 -0.37752271                                              0.87937075 -0.40174523-0.40174523 0.65348349
    5     2.6513453     1.9991431    -2.5913001   -0.32635238    0.32651038    0.33554432    0.10950569     0.1095587  -0.016829541     97.969446                -0.031694882 -0.0030827167                                              0.46060501 -0.0091043304-0.0091043304 0.28699283
    6     2.6301945     1.9982777    -2.5917236   0.014570755  0.0005961569    -1.4515987    0.02115089 0.00086538059-0.00042345948     34.882652                -0.074447163 -0.0062380125                                               0.4948039 -0.000984335-0.000984335 0.28760003
    7     2.6296787     1.9982536    -2.5917239   0.036830607  0.0017207716  -0.014002887 0.00051573483 2.4095771e-05-2.5000152e-07     34.555675                -0.075474676 -0.0063263126                                              0.50203357 -0.001260961-0.001260961 0.2875584
    8     2.6297863     1.9982585    -2.5917239   0.037882844  0.0017240137  0.0028407144 0.00010761434 4.8974304e-06 -1.087663e-08     34.623917                -0.075260333 -0.0063083579                                              0.50216938 -0.0012391775-0.0012391775 0.2875601
    9     2.6297832     1.9982584    -2.5917239   0.037785617  0.0017207711-8.1917484e-05 3.0953027e-06 1.4096124e-07-7.2084561e-12     34.622159                -0.075266499 -0.0063088747                                              0.50213359 -0.0012389874-0.0012389874 0.28756019
   10     2.6297832     1.9982584    -2.5917239   0.037786021   0.001720927 2.3333333e-08 8.8167385e-10  4.015499e-11             0     34.621951                -0.075266497 -0.0063088745                                              0.50213464 -0.0012390883-0.0012390883 0.28756018
call_func: 526
